Pass: 1 
                                                                                  
                                                                                  
                                                                                  
                                                                                  
                                                                                  
          1 1 1 1 1 1 1 1 1 1 1 1 1 1 1 1 1 1 1 1 1 1 1 1 1 1 1 1 1 1             
          1 2 2 2 2 2 2 2 2 2 2 2 2 2 2 2 2 2 2 2 2 2 2 2 2 2 2 2 2 1             
          1 2 3 3 3 3 3 3 3 3 3 3 3 3 3 3 3 3 3 3 3 3 3 3 3 3 3 3 2 1             
          1 2 3 4 4 4 4 4 4 4 4 4 4 4 4 4 4 4 4 4 4 4 4 4 4 4 4 3 2 1             
          1 2 3 4 5 5 5 5 5 5 5 5 5 5 5 5 5 5 5 5 5 5 5 5 5 5 4 3 2 1             
          1 2 3 4 5 6 6 6 6 6 6 6 6 6 6 6 6 6 6 6 6 6 6 6 6 5 4 3 2 1             
          1 2 3 4 5 6 7 7 7 7 7 7 7 7 7 7 7 7 7 7 7 7 7 7 6 5 4 3 2 1             
          1 2 3 4 5 6 7 8 8 8 8 8 8 8 8 8 8 8 8 8 8 8 8 7 6 5 4 3 2 1             
          1 2 3 4 5 6 7 8 9 9 9 9 9 9 9 9 9 9 9 9 9 9 8 7 6 5 4 3 2 1             
          1 2 3 4 5 6 7 8 9 1010101010101010101010109 8 7 6 5 4 3 2 1             
          1 2 3 4 5 6 7 8 9 1011111111111111111111109 8 7 6 5 4 3 2 1             
          1 2 3 4 5 6 7 8 9 1011121212121212121211109 8 7 6 5 4 3 2 1             
          1 2 3 4 5 6 7 8 9 1011121313131313131211109 8 7 6 5 4 3 2 1             
          1 2 3 4 5 6 7 8 9 1011121314141414131211109 8 7 6 5 4 3 2 1             
          1 2 3 4 5 6 7 8 9 1011121314151514131211109 8 7 6 5 4 3 2 1             
          1 2 3 4 5 6 7 8 9 1011121314151514131211109 8 7 6 5 4 3 2 1             
          1 2 3 4 5 6 7 8 9 1011121314151514131211109 8 7 6 5 4 3 2 1             
          1 2 3 4 5 6 7 8 9 1011121314151514131211109 8 7 6 5 4 3 2 1             
          1 2 3 4 5 6 7 8 9 1011121314151514131211109 8 7 6 5 4 3 2 1             
          1 2 3 4 5 6 7 8 9 1011121314151514131211109 8 7 6 5 4 3 2 1             
                                                                                  
                                                                                  
                                                                                  
                                                                                  
                                                                                  
                                                                                  
Pass: 2 
                                                                                  
                                                                                  
                                                                                  
                                                                                  
                                                                                  
          1 1 1 1 1 1 1 1 1 1 1 1 1 1 1 1 1 1 1 1 1 1 1 1 1 1 1 1 1 1             
          1 2 2 2 2 2 2 2 2 2 2 2 2 2 2 2 2 2 2 2 2 2 2 2 2 2 2 2 2 1             
          1 2 3 3 3 3 3 3 3 3 3 3 3 3 3 3 3 3 3 3 3 3 3 3 3 3 3 3 2 1             
          1 2 3 4 4 4 4 4 4 4 4 4 4 4 4 4 4 4 4 4 4 4 4 4 4 4 4 3 2 1             
          1 2 3 4 5 5 5 5 5 5 5 5 5 5 5 5 5 5 5 5 5 5 5 5 5 5 4 3 2 1             
          1 2 3 4 5 6 6 6 6 6 6 6 6 6 6 6 6 6 6 6 6 6 6 6 6 5 4 3 2 1             
          1 2 3 4 5 6 7 7 7 7 7 7 7 7 7 7 7 7 7 7 7 7 7 7 6 5 4 3 2 1             
          1 2 3 4 5 6 7 8 8 8 8 8 8 8 8 8 8 8 8 8 8 8 8 7 6 5 4 3 2 1             
          1 2 3 4 5 6 7 8 9 9 9 9 9 9 9 9 9 9 9 9 9 9 8 7 6 5 4 3 2 1             
          1 2 3 4 5 6 7 8 9 1010101010101010101010109 8 7 6 5 4 3 2 1             
          1 2 3 4 5 6 7 8 9 1010101010101010101010109 8 7 6 5 4 3 2 1             
          1 2 3 4 5 6 7 8 9 9 9 9 9 9 9 9 9 9 9 9 9 9 8 7 6 5 4 3 2 1             
          1 2 3 4 5 6 7 8 8 8 8 8 8 8 8 8 8 8 8 8 8 8 8 7 6 5 4 3 2 1             
          1 2 3 4 5 6 7 7 7 7 7 7 7 7 7 7 7 7 7 7 7 7 7 7 6 5 4 3 2 1             
          1 2 3 4 5 6 6 6 6 6 6 6 6 6 6 6 6 6 6 6 6 6 6 6 6 5 4 3 2 1             
          1 2 3 4 5 5 5 5 5 5 5 5 5 5 5 5 5 5 5 5 5 5 5 5 5 5 4 3 2 1             
          1 2 3 4 4 4 4 4 4 4 4 4 4 4 4 4 4 4 4 4 4 4 4 4 4 4 4 3 2 1             
          1 2 3 3 3 3 3 3 3 3 3 3 3 3 3 3 3 3 3 3 3 3 3 3 3 3 3 3 2 1             
          1 2 2 2 2 2 2 2 2 2 2 2 2 2 2 2 2 2 2 2 2 2 2 2 2 2 2 2 2 1             
          1 1 1 1 1 1 1 1 1 1 1 1 1 1 1 1 1 1 1 1 1 1 1 1 1 1 1 1 1 1             
                                                                                  
                                                                                  
                                                                                  
                                                                                  
                                                                                  
                                                                                  
Skeleton: 
                                                                                  
                                                                                  
                                                                                  
                                                                                  
                                                                                  
                                                                                  
                                                                                  
                                                                                  
                                                                                  
                                                                                  
                                                                                  
                                                                                  
                                                                                  
                                                                                  
                            101010101010101010101010                              
                            101010101010101010101010                              
                                                                                  
                                                                                  
                                                                                  
                                                                                  
                                                                                  
                                                                                  
                                                                                  
                                                                                  
                                                                                  
                                                                                  
                                                                                  
                                                                                  
                                                                                  
                                                                                  
                                                                                  
