Pass: 1 
                                                                                    
                                        1                                           
                                      1 1 1                                         
                                    1 1 2 1 1                                       
                                  1 1 2 2 2 1 1                                     
                                1 1 2 2 3 2 2 1 1                                   
                              1 1 2 2 3 3 3 2 2 1 1                                 
                            1 1 2 2 3 3 4 3 3 2 2 1 1                               
                          1 1 2 2 3 3 4 4 4 3 3 2 2 1 1                             
                        1 1 2 2 3 3 4 4 5 4 4 3 3 2 2 1 1                           
                      1 1 2 2 3 3 4 4 5 5 5 4 4 3 3 2 2 1 1                         
                    1 1 2 2 3 3 4 4 5 5 6 5 5 4 4 3 3 2 2 1 1                       
                  1 1 2 2 3 3 4 4 5 5 6 6 6 5 5 4 4 3 3 2 2 1 1                     
                1 1 2 2 3 3 4 4 5 5 6 6 7 6 6 5 5 4 4 3 3 2 2 1 1                   
              1 1 2 2 3 3 4 4 5 5 6 6 7 7 7 6 6 5 5 4 4 3 3 2 2 1 1                 
            1 1 2 2 3 3 4 4 5 5 6 6 7 7 8 7 7 6 6 5 5 4 4 3 3 2 2 1 1               
              1 2 3 3 4 4 5 5 6 6 7 7 8 8 8 7 7 6 6 5 5 4 4 3 3 2 2                 
                1 2 3 4 5 5 6 6 7 7 8 8 9 8 8 7 7 6 6 5 5 4 4 3 3                   
                  1 2 3 4 5 6 7 7 8 8 9 9 9 8 8 7 7 6 6 5 5 4 4                     
                    1 2 3 4 5 6 7 8 9 9 109 9 8 8 7 7 6 6 5 5                       
                      1 2 3 4 5 6 7 8 9 10109 9 8 8 7 7 6 6                         
                        1 2 3 4 5 6 7 8 9 10109 9 8 8 7 7                           
                          1 2 3 4 5 6 7 8 9 10109 9 8 8                             
                            1 2 3 4 5 6 7 8 9 10109 9                               
                              1 2 3 4 5 6 7 8 9 1010                                
                                1 2 3 4 5 6 7 8 9                                   
                                  1 2 3 4 5 6 7                                     
                                    1 2 3 4 5                                       
                                      1 2 3                                         
                                        1                                           
                                                                                    
                                                                                    
Pass: 2 
                                                                                    
                                        1                                           
                                      1 1 1                                         
                                    1 1 2 1 1                                       
                                  1 1 2 2 2 1 1                                     
                                1 1 2 2 3 2 2 1 1                                   
                              1 1 2 2 3 3 3 2 2 1 1                                 
                            1 1 2 2 3 3 4 3 3 2 2 1 1                               
                          1 1 2 2 3 3 4 4 4 3 3 2 2 1 1                             
                        1 1 2 2 3 3 4 4 5 4 4 3 3 2 2 1 1                           
                      1 1 2 2 3 3 4 4 5 5 5 4 4 3 3 2 2 1 1                         
                    1 1 2 2 3 3 4 4 5 5 6 5 5 4 4 3 3 2 2 1 1                       
                  1 1 2 2 3 3 4 4 5 5 6 6 6 5 5 4 4 3 3 2 2 1 1                     
                1 1 2 2 3 3 4 4 5 5 6 6 7 6 6 5 5 4 4 3 3 2 2 1 1                   
              1 1 2 2 3 3 4 4 5 5 6 6 7 7 7 6 6 5 5 4 4 3 3 2 2 1 1                 
            1 1 2 2 3 3 4 4 5 5 6 6 7 7 8 7 7 6 6 5 5 4 4 3 3 2 2 1 1               
              1 1 2 2 3 3 4 4 5 5 6 6 7 7 7 6 6 5 5 4 4 3 3 2 2 1 1                 
                1 1 2 2 3 3 4 4 5 5 6 6 7 6 6 5 5 4 4 3 3 2 2 1 1                   
                  1 1 2 2 3 3 4 4 5 5 6 6 6 5 5 4 4 3 3 2 2 1 1                     
                    1 1 2 2 3 3 4 4 5 5 6 5 5 4 4 3 3 2 2 1 1                       
                      1 1 2 2 3 3 4 4 5 5 5 4 4 3 3 2 2 1 1                         
                        1 1 2 2 3 3 4 4 5 4 4 3 3 2 2 1 1                           
                          1 1 2 2 3 3 4 4 4 3 3 2 2 1 1                             
                            1 1 2 2 3 3 4 3 3 2 2 1 1                               
                              1 1 2 2 3 3 3 2 2 1 1                                 
                                1 1 2 2 3 2 2 1 1                                   
                                  1 1 2 2 2 1 1                                     
                                    1 1 2 1 1                                       
                                      1 1 1                                         
                                        1                                           
                                                                                    
                                                                                    
Skeleton: 
                                                                                    
                                        1                                           
                                                                                    
                                        2                                           
                                                                                    
                                        3                                           
                                                                                    
                                        4                                           
                                                                                    
                                        5                                           
                                                                                    
                                        6                                           
                                                                                    
                                        7                                           
                                                                                    
            1   2   3   4   5   6   7   8   7   6   5   4   3   2   1               
                                                                                    
                                        7                                           
                                                                                    
                                        6                                           
                                                                                    
                                        5                                           
                                                                                    
                                        4                                           
                                                                                    
                                        3                                           
                                                                                    
                                        2                                           
                                                                                    
                                        1                                           
                                                                                    
                                                                                    



