Pass: 1 
                                                                                  
                                                                                  
                                                                                  
                                                                                  
                                                                                  
          1 1 1 1 1 1 1 1 1 1 1 1 1 1 1 1 1 1 1 1 1 1 1 1 1                       
          1 2 2 2 2 2 2 2 2 2 2 2 2 2 2 2 2 2 2 2 2 2 2 2 1                       
          1 2 3 3 3 3 3 3 3 3 3 3 3 3 3 3 3 3 3 3 3 3 3 2 1                       
          1 2 3 4 4 4 4 4 4 4 4 4 4 4 4 4 4 4 4 4 4 4 3 2 1                       
          1 2 3 4 5 5 5 5 5 5 5 5 5 5 5 5 5 5 5 5 5 4 3 2 1                       
          1 2 3 4 5 6 6 6 6 6 6 6 6 6 6 6 6 6 6 6 5 4 3 2 1                       
          1 2 3 4 5 6 7 7 7 7 7 7 7 7 7 7 7 7 7 6 5 4 3 2 1                       
          1 2 3 4 5 6 7 8 8 8 8 8 8 8 8 8 8 8 7 6 5 4 3 2 1                       
          1 2 3 4 5 6 7 8 9 9 9 9 9 9 9 9 9 8 7 6 5 4 3 2 1                       
          1 2 3 4 5 6 7 8 9 101010101010109 8 7 6 5 4 3 2 1                       
          1 2 3 4 5 6 7 8 9 101111111111109 8 7 6 5 4 3 2 1                       
            1 2 3 4 5 6 7 8 9 1011121211109 8 7 6 5 4 3 2 1 1                     
              1 2 3 4 5 6 7 8 9 10111211109 8 7 6 5 4 3 2 2 1 1                   
                1 2 3 4 5 6 7 8 9 101111109 8 7 6 5 4 3 3 2 2 1 1                 
                  1 2 3 4 5 6 7 8 9 1011109 8 7 6 5 4 4 3 3 2 2 1 1               
                    1 2 3 4 5 6 7 8 9 10109 8 7 6 5 5 4 4 3 3 2 2 1 1             
                  1 1 2 3 4 5 6 7 8 9 10109 8 7 6 6 5 5 4 4 3 3 2 2               
                1 1 2 2 3 4 5 6 7 8 9 10109 8 7 7 6 6 5 5 4 4 3 3                 
              1 1 2 2 3 3 4 5 6 7 8 9 10109 8 8 7 7 6 6 5 5 4 4                   
            1 1 2 2 3 3 4 4 5 6 7 8 9 10109 9 8 8 7 7 6 6 5 5                     
          1 1 2 2 3 3 4 4 5 5 6 7 8 9 1010109 9 8 8 7 7 6 6                       
          1 2 2 3 3 4 4 5 5 6 6 7 8 9 101110109 9 8 8 7 7 1                       
          1 2 3 3 4 4 5 5 6 6 7 7 8 9 10111110109 9 8 8 2 1                       
          1 2 3 4 4 5 5 6 6 7 7 8 8 9 1011111110109 9 3 2 1                       
          1 2 3 4 5 5 6 6 7 7 8 8 9 9 101112111110104 3 2 1                       
          1 2 3 4 5 6 6 7 7 8 8 9 9 101011121211115 4 3 2 1                       
          1 2 3 4 5 6 7 7 8 8 9 9 101011111212126 5 4 3 2 1                       
          1 2 3 4 5 6 7 8 8 9 9 101011111212137 6 5 4 3 2 1                       
          1 2 3 4 5 6 7 8 9 9 101011111212138 7 6 5 4 3 2 1                       
          1 2 3 4 5 6 7 8 9 101011111212139 8 7 6 5 4 3 2 1                       
          1 2 3 4 5 6 7 8 9 101111121213109 8 7 6 5 4 3 2 1                       
                                                                                  
                                                                                  
                                                                                  
                                                                                  
                                                                                  
Pass: 2 
                                                                                  
                                                                                  
                                                                                  
                                                                                  
                                                                                  
          1 1 1 1 1 1 1 1 1 1 1 1 1 1 1 1 1 1 1 1 1 1 1 1 1                       
          1 2 2 2 2 2 2 2 2 2 2 2 2 2 2 2 2 2 2 2 2 2 2 2 1                       
          1 2 3 3 3 3 3 3 3 3 3 3 3 3 3 3 3 3 3 3 3 3 3 2 1                       
          1 2 3 4 4 4 4 4 4 4 4 4 4 4 4 4 4 4 4 4 4 4 3 2 1                       
          1 2 3 4 5 5 5 5 5 5 5 5 5 5 5 5 5 5 5 5 5 4 3 2 1                       
          1 2 3 4 5 6 6 6 6 6 6 6 6 6 6 6 6 6 6 6 5 4 3 2 1                       
          1 2 3 4 5 5 6 6 7 7 7 7 7 7 7 7 7 7 7 6 5 4 3 2 1                       
          1 2 3 4 4 5 5 6 6 7 7 8 8 8 8 8 8 8 7 6 5 4 3 2 1                       
          1 2 3 3 4 4 5 5 6 6 7 7 8 9 9 9 9 8 7 6 5 4 3 2 1                       
          1 2 2 3 3 4 4 5 5 6 6 7 8 9 10109 8 7 6 5 4 3 2 1                       
          1 1 2 2 3 3 4 4 5 5 6 7 8 9 10109 8 7 6 5 4 3 2 1                       
            1 1 2 2 3 3 4 4 5 6 7 8 9 10109 8 7 6 5 4 3 2 1 1                     
              1 1 2 2 3 3 4 5 6 7 8 9 10109 8 7 6 5 4 3 2 2 1 1                   
                1 1 2 2 3 4 5 6 7 8 9 10109 8 7 6 5 4 3 3 2 2 1 1                 
                  1 1 2 3 4 5 6 7 8 9 10109 8 7 6 5 4 4 3 3 2 2 1 1               
                    1 2 3 4 5 6 7 8 9 10109 8 7 6 5 5 4 4 3 3 2 2 1 1             
                  1 1 2 3 4 5 6 7 8 9 10109 8 7 6 5 4 4 3 3 2 2 1 1               
                1 1 2 2 3 4 5 6 7 8 9 10109 8 7 6 5 4 3 3 2 2 1 1                 
              1 1 2 2 3 3 4 5 6 7 8 9 10109 8 7 6 5 4 3 2 2 1 1                   
            1 1 2 2 3 3 4 4 5 6 7 8 9 10109 8 7 6 5 4 3 2 1 1                     
          1 1 2 2 3 3 4 4 5 5 6 7 8 9 10109 8 7 6 5 4 3 2 1                       
          1 2 2 3 3 4 4 5 5 6 6 7 8 9 10109 8 7 6 5 4 3 2 1                       
          1 2 3 3 4 4 5 5 6 6 7 7 8 9 9 9 9 8 7 6 5 4 3 2 1                       
          1 2 3 4 4 5 5 6 6 7 7 8 8 8 8 8 8 8 7 6 5 4 3 2 1                       
          1 2 3 4 5 5 6 6 7 7 7 7 7 7 7 7 7 7 7 6 5 4 3 2 1                       
          1 2 3 4 5 6 6 6 6 6 6 6 6 6 6 6 6 6 6 6 5 4 3 2 1                       
          1 2 3 4 5 5 5 5 5 5 5 5 5 5 5 5 5 5 5 5 5 4 3 2 1                       
          1 2 3 4 4 4 4 4 4 4 4 4 4 4 4 4 4 4 4 4 4 4 3 2 1                       
          1 2 3 3 3 3 3 3 3 3 3 3 3 3 3 3 3 3 3 3 3 3 3 2 1                       
          1 2 2 2 2 2 2 2 2 2 2 2 2 2 2 2 2 2 2 2 2 2 2 2 1                       
          1 1 1 1 1 1 1 1 1 1 1 1 1 1 1 1 1 1 1 1 1 1 1 1 1                       
                                                                                  
                                                                                  
                                                                                  
                                                                                  
                                                                                  
Skeleton: 
                                                                                  
                                                                                  
                                                                                  
                                                                                  
                                                                                  
                                                                                  
                                                                                  
                                                                                  
                                                                                  
                                                                                  
                    6 6                                                           
                      6   7 7                                                     
                            7   8                                                 
                                                                                  
                                      1010                                        
                                      1010                                        
                                      1010                                        
                                      1010                                        
                                      1010                                        
                                      1010                                        
                                      1010          5   4   3   2   1             
                                      1010                                        
                                      1010                                        
                                      1010                                        
                                      1010                                        
                                      1010                                        
                                      1010                                        
                                                                                  
                            7   8                                                 
                      6   7 7                                                     
                    6 6                                                           
                                                                                  
                                                                                  
                                                                                  
                                                                                  
                                                                                  
                                                                                  
                                                                                  
                                                                                  
                                                                                  
                                                                                  
