Pass: 1 
                                                                                  
                                                                                  
                                                                                  
                                                                                  
                                                                                  
                              1 1 1 1 1 1 1 1 1 1                                 
                            1 1 2 2 2 2 2 2 2 2 1 1                               
                          1 1 2 2 3 3 3 3 3 3 2 2 1 1                             
                        1 1 2 2 3 3 4 4 4 4 3 3 2 2 1 1                           
                      1 1 2 2 3 3 4 4 5 5 4 4 3 3 2 2 1 1                         
                    1 1 2 2 3 3 4 4 5 5 5 5 4 4 3 3 2 2 1 1                       
                  1 1 2 2 3 3 4 4 5 5 6 6 5 5 4 4 3 3 2 2 1 1                     
                1 1 2 2 3 3 4 4 5 5 6 6 6 6 5 5 4 4 3 3 2 2 1 1                   
              1 1 2 2 3 3 4 4 5 5 6 6 7 7 6 6 5 5 4 4 3 3 2 2 1 1                 
            1 1 2 2 3 3 4 4 5 5 6 6 7 7 7 7 6 6 5 5 4 4 3 3 2 2 1 1               
          1 1 2 2 3 3 4 4 5 5 6 6 7 7 8 8 7 7 6 6 5 5 4 4 3 3 2 2 1 1             
          1 2 2 3 3 4 4 5 5 6 6 7 7 8 8 8 8 7 7 6 6 5 5 4 4 3 3 2 2 1             
          1 2 3 3 4 4 5 5 6 6 7 7 8 8 9 9 8 8 7 7 6 6 5 5 4 4 3 3 2 1             
          1 2 3 4 4 5 5 6 6 7 7 8 8 9 9 9 9 8 8 7 7 6 6 5 5 4 4 3 2 1             
          1 2 3 4 5 5 6 6 7 7 8 8 9 9 10109 9 8 8 7 7 6 6 5 5 4 3 2 1             
          1 2 3 4 5 6 6 7 7 8 8 9 9 101010109 9 8 8 7 7 6 6 5 4 3 2 1             
          1 2 3 4 5 6 7 7 8 8 9 9 1010111110109 9 8 8 7 7 6 5 4 3 2 1             
          1 2 3 4 5 6 7 8 8 9 9 10101111111110109 9 8 8 7 6 5 4 3 2 1             
          1 2 3 4 5 6 7 8 9 9 101011111212111110109 9 8 7 6 5 4 3 2 1             
          1 2 3 4 5 6 7 8 9 1010111112121212111110109 8 7 6 5 4 3 2 1             
            1 2 3 4 5 6 7 8 9 10111212131312121111109 8 7 6 5 4 3 2               
              1 2 3 4 5 6 7 8 9 101112131313121211109 8 7 6 5 4 3                 
                1 2 3 4 5 6 7 8 9 1011121313131211109 8 7 6 5 4                   
                  1 2 3 4 5 6 7 8 9 10111213131211109 8 7 6 5                     
                    1 2 3 4 5 6 7 8 9 101112131211109 8 7 6                       
                      1 2 3 4 5 6 7 8 9 1011121211109 8 7                         
                        1 2 3 4 5 6 7 8 9 10111211109 8                           
                          1 2 3 4 5 6 7 8 9 101111109                             
                            1 2 3 4 5 6 7 8 9 101110                              
                              1 2 3 4 5 6 7 8 9 10                                
                                                                                  
                                                                                  
                                                                                  
                                                                                  
                                                                                  
                                                                                  
Pass: 2 
                                                                                  
                                                                                  
                                                                                  
                                                                                  
                                                                                  
                              1 1 1 1 1 1 1 1 1 1                                 
                            1 1 2 2 2 2 2 2 2 2 1 1                               
                          1 1 2 2 3 3 3 3 3 3 2 2 1 1                             
                        1 1 2 2 3 3 4 4 4 4 3 3 2 2 1 1                           
                      1 1 2 2 3 3 4 4 5 5 4 4 3 3 2 2 1 1                         
                    1 1 2 2 3 3 4 4 5 5 5 5 4 4 3 3 2 2 1 1                       
                  1 1 2 2 3 3 4 4 5 5 6 6 5 5 4 4 3 3 2 2 1 1                     
                1 1 2 2 3 3 4 4 5 5 6 6 6 6 5 5 4 4 3 3 2 2 1 1                   
              1 1 2 2 3 3 4 4 5 5 6 6 7 7 6 6 5 5 4 4 3 3 2 2 1 1                 
            1 1 2 2 3 3 4 4 5 5 6 6 7 7 7 7 6 6 5 5 4 4 3 3 2 2 1 1               
          1 1 2 2 3 3 4 4 5 5 6 6 7 7 8 8 7 7 6 6 5 5 4 4 3 3 2 2 1 1             
          1 2 2 3 3 4 4 5 5 6 6 7 7 8 8 8 8 7 7 6 6 5 5 4 4 3 3 2 2 1             
          1 2 3 3 4 4 5 5 6 6 7 7 8 8 9 9 8 8 7 7 6 6 5 5 4 4 3 3 2 1             
          1 2 3 4 4 5 5 6 6 7 7 8 8 9 9 9 9 8 8 7 7 6 6 5 5 4 4 3 2 1             
          1 2 3 4 5 5 6 6 7 7 8 8 9 9 10109 9 8 8 7 7 6 6 5 5 4 3 2 1             
          1 2 3 4 5 5 6 6 7 7 8 8 9 9 10109 9 8 8 7 7 6 6 5 5 4 3 2 1             
          1 2 3 4 4 5 5 6 6 7 7 8 8 9 9 9 9 8 8 7 7 6 6 5 5 4 4 3 2 1             
          1 2 3 3 4 4 5 5 6 6 7 7 8 8 9 9 8 8 7 7 6 6 5 5 4 4 3 3 2 1             
          1 2 2 3 3 4 4 5 5 6 6 7 7 8 8 8 8 7 7 6 6 5 5 4 4 3 3 2 2 1             
          1 1 2 2 3 3 4 4 5 5 6 6 7 7 8 8 7 7 6 6 5 5 4 4 3 3 2 2 1 1             
            1 1 2 2 3 3 4 4 5 5 6 6 7 7 7 7 6 6 5 5 4 4 3 3 2 2 1 1               
              1 1 2 2 3 3 4 4 5 5 6 6 7 7 6 6 5 5 4 4 3 3 2 2 1 1                 
                1 1 2 2 3 3 4 4 5 5 6 6 6 6 5 5 4 4 3 3 2 2 1 1                   
                  1 1 2 2 3 3 4 4 5 5 6 6 5 5 4 4 3 3 2 2 1 1                     
                    1 1 2 2 3 3 4 4 5 5 5 5 4 4 3 3 2 2 1 1                       
                      1 1 2 2 3 3 4 4 5 5 4 4 3 3 2 2 1 1                         
                        1 1 2 2 3 3 4 4 4 4 3 3 2 2 1 1                           
                          1 1 2 2 3 3 3 3 3 3 2 2 1 1                             
                            1 1 2 2 2 2 2 2 2 2 1 1                               
                              1 1 1 1 1 1 1 1 1 1                                 
                                                                                  
                                                                                  
                                                                                  
                                                                                  
                                                                                  
                                                                                  
Skeleton: 
                                                                                  
                                                                                  
                                                                                  
                                                                                  
                                                                                  
                                                                                  
                                                                                  
                                                                                  
                                                                                  
                                      5 5                                         
                                                                                  
                                      6 6                                         
                                                                                  
                                      7 7                                         
                                                                                  
                                      8 8                                         
                                                                                  
                                      9 9                                         
                                                                                  
                  5   6   7   8   9   1010  9   8   7   6   5                     
                  5   6   7   8   9   1010  9   8   7   6   5                     
                                                                                  
                                      9 9                                         
                                                                                  
                                      8 8                                         
                                                                                  
                                      7 7                                         
                                                                                  
                                      6 6                                         
                                                                                  
                                      5 5                                         
                                                                                  
                                                                                  
                                                                                  
                                                                                  
                                                                                  
                                                                                  
                                                                                  
                                                                                  
                                                                                  
                                                                                  
