45 45 1 32
1 1 1 2 2 2 2 1 2 2 2 2 1 2 2 2 2 1 2 2 3 2 11 2 2 2 2 1 2 2 2 2 1 2 2 2 2 1 2 2 2 2 1 2 3  
1 1 1 2 2 2 2 1 2 2 2 2 1 2 2 2 2 1 2 3 3 6 13 6 2 2 2 2 2 2 2 2 1 2 2 2 2 1 2 2 2 2 1 2 3  
1 1 1 2 2 2 2 1 2 2 2 2 1 2 2 2 2 1 2 3 6 12 19 13 6 2 2 2 2 2 2 2 1 2 2 2 2 1 2 2 2 2 1 2 3  
1 1 1 2 2 2 2 1 2 2 2 2 1 2 2 2 2 1 2 7 13 22 26 23 12 5 2 3 2 2 2 2 1 2 2 2 2 1 2 2 2 2 1 2 3  
1 1 1 2 2 2 2 1 2 2 2 2 1 2 2 2 2 1 6 14 23 29 31 29 22 12 6 3 2 2 2 2 1 2 2 2 2 1 2 2 2 2 1 2 3  
1 1 1 2 2 2 2 1 2 2 2 2 1 2 2 2 2 5 13 24 29 32 31 32 28 22 13 7 2 2 2 2 1 2 2 2 2 1 2 2 2 2 1 2 3  
1 1 1 2 2 2 2 1 2 2 2 2 1 2 3 2 6 12 23 30 32 32 31 32 32 28 23 14 6 2 2 2 2 2 2 2 2 1 2 2 2 2 1 2 3  
1 1 1 2 2 2 2 1 2 2 2 2 2 3 3 6 12 21 25 32 32 32 31 32 32 32 29 24 13 6 2 2 2 3 2 2 2 2 2 2 2 2 1 2 3  
1 1 1 2 2 2 2 1 2 2 2 2 2 3 7 13 19 18 25 32 32 32 31 32 32 32 32 29 23 12 5 2 3 3 2 2 2 2 2 2 2 2 1 2 3  
1 1 1 2 2 2 2 1 2 6 6 5 6 13 12 12 12 12 22 32 32 32 31 32 32 32 32 31 29 22 15 12 6 6 6 5 2 3 2 2 2 2 1 2 3  
1 1 1 2 2 2 2 1 2 6 16 15 19 19 8 12 12 8 19 32 32 32 31 32 32 32 32 31 32 28 25 22 19 16 15 5 3 3 2 2 2 2 1 2 3  
1 1 1 2 2 2 2 1 2 6 17 32 31 16 5 12 12 4 15 32 32 32 31 32 32 32 32 31 32 32 32 32 31 32 15 5 3 4 2 2 2 2 1 2 3  
1 1 1 2 2 2 2 1 2 6 20 32 31 16 5 12 12 4 15 32 32 32 31 32 32 32 32 31 32 32 32 32 31 32 18 5 3 4 2 2 2 2 1 2 3  
1 1 1 2 2 2 2 1 2 13 23 32 31 16 5 12 12 4 15 32 32 32 31 32 32 32 32 31 32 32 32 32 31 32 22 12 3 4 2 2 2 2 1 2 3  
1 1 1 2 2 2 2 1 6 17 26 32 31 16 5 12 12 4 15 32 32 32 31 32 32 32 32 31 32 32 32 32 31 32 25 15 6 4 2 2 2 2 1 2 3  
1 1 1 2 2 2 2 5 13 24 29 32 31 16 5 12 12 4 15 32 32 32 31 32 32 32 32 31 32 32 32 32 31 32 28 22 13 7 2 2 2 2 1 2 3  
1 1 1 2 3 2 6 12 23 30 32 32 31 16 5 12 12 4 15 32 32 32 31 32 32 32 32 31 32 32 32 32 31 32 32 28 23 14 6 2 2 2 2 2 3  
1 1 1 2 3 6 12 22 29 32 32 32 31 16 5 12 12 4 15 32 32 32 31 32 32 32 32 31 32 32 32 32 31 32 32 32 29 24 13 6 2 2 2 3 3  
1 1 1 2 7 13 22 28 32 32 32 32 31 16 5 12 12 4 15 32 32 32 31 32 32 32 32 31 32 32 32 32 31 32 32 32 32 29 23 12 5 2 3 3 4  
1 1 1 6 14 23 29 31 32 32 32 32 31 16 5 12 12 4 15 32 32 32 31 32 32 32 32 31 32 32 32 32 31 32 32 32 32 31 29 22 12 6 3 3 4  
1 1 5 13 24 29 32 31 32 32 32 32 31 16 5 12 12 4 15 32 32 32 31 32 32 32 32 31 32 32 32 32 31 32 32 32 32 31 32 28 22 13 7 3 4  
1 4 12 23 30 32 32 31 32 32 32 32 31 16 5 12 12 4 15 32 32 32 31 32 32 32 32 31 32 32 32 32 31 32 32 32 32 31 32 32 28 23 14 8 4  
11 11 18 25 32 32 32 31 32 32 32 32 31 16 5 12 12 4 15 32 32 32 31 32 32 32 32 31 32 32 32 32 31 32 32 32 32 31 32 32 32 26 21 14 14  
1 4 12 23 30 32 32 31 32 32 32 32 31 16 5 12 12 4 15 32 32 32 31 32 32 32 32 31 32 32 32 32 31 32 32 32 32 31 32 32 28 23 14 8 4  
1 1 5 13 24 29 32 31 32 32 32 32 31 16 5 12 12 4 15 32 32 32 31 32 32 32 32 31 32 32 32 32 31 32 32 32 32 31 32 28 22 13 7 3 4  
1 1 1 6 14 23 29 31 32 32 32 32 31 16 5 12 12 4 15 32 32 32 31 32 32 32 32 31 32 32 32 32 31 32 32 32 32 31 29 22 12 6 3 3 4  
1 1 1 2 7 13 22 28 32 32 32 32 31 16 5 12 12 4 15 32 32 32 31 32 32 32 32 31 32 32 32 32 31 32 32 32 32 29 23 12 5 2 3 3 4  
1 1 1 2 3 6 12 22 29 32 32 32 31 16 5 12 12 4 15 32 32 32 31 32 32 32 32 31 32 32 32 32 31 32 32 32 29 24 13 6 2 2 2 3 3  
1 1 1 2 3 2 6 12 23 30 32 32 31 16 5 12 12 4 15 32 32 32 31 32 32 32 32 31 32 32 32 32 31 32 32 28 23 14 6 2 2 2 2 2 3  
1 1 1 2 2 2 2 5 13 24 29 32 31 16 5 12 12 4 15 32 32 32 31 32 32 32 32 31 32 32 32 32 31 32 28 22 13 7 2 2 2 2 1 2 3  
1 1 1 2 2 2 2 1 6 17 26 32 31 16 5 12 12 4 15 32 32 32 31 32 32 32 32 31 32 32 32 32 31 32 25 15 6 4 2 2 2 2 1 2 3  
1 1 1 2 2 2 2 1 2 13 23 32 31 16 5 12 12 4 15 32 32 32 31 32 32 32 32 31 32 32 32 32 31 32 22 12 3 4 2 2 2 2 1 2 3  
1 1 1 2 2 2 2 1 2 6 20 32 31 16 5 12 12 4 15 32 32 32 31 32 32 32 32 31 32 32 32 32 31 32 18 5 3 4 2 2 2 2 1 2 3  
1 1 1 2 2 2 2 1 2 6 17 32 31 16 5 12 12 4 15 32 32 32 31 32 32 32 32 31 32 32 32 32 31 32 15 5 3 4 2 2 2 2 1 2 3  
1 1 1 2 2 2 2 1 2 6 16 15 19 19 8 12 12 8 19 32 32 32 31 32 32 32 32 31 32 28 25 22 19 16 15 5 3 3 2 2 2 2 1 2 3  
1 1 1 2 2 2 2 1 2 6 6 5 6 13 12 12 12 12 22 32 32 32 31 32 32 32 32 31 29 22 15 12 6 6 6 5 2 3 2 2 2 2 1 2 3  
1 1 1 2 2 2 2 1 2 2 2 2 2 3 7 13 19 18 25 32 32 32 31 32 32 32 32 29 23 12 5 2 3 3 2 2 2 2 2 2 2 2 1 2 3  
1 1 1 2 2 2 2 1 2 2 2 2 2 3 3 6 12 21 25 32 32 32 31 32 32 32 29 24 13 6 2 2 2 3 2 2 2 2 2 2 2 2 1 2 3  
1 1 1 2 2 2 2 1 2 2 2 2 1 2 3 2 6 12 23 30 32 32 31 32 32 28 23 14 6 2 2 2 2 2 2 2 2 1 2 2 2 2 1 2 3  
1 1 1 2 2 2 2 1 2 2 2 2 1 2 2 2 2 5 13 24 29 32 31 32 28 22 13 7 2 2 2 2 1 2 2 2 2 1 2 2 2 2 1 2 3  
1 1 1 2 2 2 2 1 2 2 2 2 1 2 2 2 2 1 6 14 23 29 31 29 22 12 6 3 2 2 2 2 1 2 2 2 2 1 2 2 2 2 1 2 3  
1 1 1 2 2 2 2 1 2 2 2 2 1 2 2 2 2 1 2 7 13 22 26 23 12 5 2 3 2 2 2 2 1 2 2 2 2 1 2 2 2 2 1 2 3  
1 1 1 2 2 2 2 1 2 2 2 2 1 2 2 2 2 1 2 3 6 12 19 13 6 2 2 2 2 2 2 2 1 2 2 2 2 1 2 2 2 2 1 2 3  
1 1 1 2 2 2 2 1 2 2 2 2 1 2 2 2 2 1 2 3 3 6 13 6 2 2 2 2 2 2 2 2 1 2 2 2 2 1 2 2 2 2 1 2 3  
1 1 1 2 2 2 2 1 2 2 2 2 1 2 2 2 2 1 2 2 3 2 11 2 2 2 2 1 2 2 2 2 1 2 2 2 2 1 2 2 2 2 1 2 3  
