31 41 0 1
2 21 1 4 
5 3 20 
5 4 19 
5 5 18 
5 6 17 
5 7 16 
5 8 15 
5 9 14 
5 10 13 
5 11 12 
5 12 11 
5 13 10 
5 14 9 
5 15 8 
5 16 7 
7 17 8 
7 18 9 
7 19 10 
7 20 11 
7 21 12 
7 22 13 
7 23 14 
7 24 15 
7 25 16 
7 26 17 
7 27 18 
7 28 19 
7 29 20 
7 30 21 
1 29 22 
1 28 23 
1 27 24 
1 26 25 
1 25 26 
1 24 27 
1 23 28 
1 22 29 
1 21 30 
1 20 31 
1 19 32 
1 18 33 
1 17 34 
1 16 35 
3 15 34 
3 14 33 
3 13 32 
3 12 31 
3 11 30 
3 10 29 
3 9 28 
3 8 27 
3 7 26 
3 6 25 
3 5 24 
3 4 23 
3 3 22 
3 2 21 
