40 40 0 1
6 6 1 4 
6 7 6 
6 8 6 
6 9 6 
6 10 6 
6 11 6 
6 12 6 
6 13 6 
6 14 6 
6 15 6 
6 16 6 
7 17 7 
7 18 8 
7 19 9 
7 20 10 
7 21 11 
7 22 12 
7 23 13 
7 24 14 
7 25 15 
7 26 16 
7 27 17 
7 28 18 
7 29 19 
7 30 20 
7 31 21 
7 32 22 
7 33 23 
7 34 24 
7 35 25 
7 36 26 
0 36 27 
0 36 28 
0 36 29 
0 36 30 
2 35 30 
2 34 30 
2 33 30 
2 32 30 
2 31 30 
2 30 30 
2 29 30 
2 28 30 
2 27 30 
2 26 30 
1 25 31 
1 24 32 
1 23 33 
1 22 34 
1 21 35 
3 20 34 
3 19 33 
3 18 32 
3 17 31 
3 16 30 
3 15 29 
3 14 28 
3 13 27 
3 12 26 
3 11 25 
3 10 24 
3 9 23 
3 8 22 
3 7 21 
3 6 20 
4 6 19 
4 6 18 
4 6 17 
4 6 16 
4 6 15 
4 6 14 
4 6 13 
4 6 12 
4 6 11 
4 6 10 
4 6 9 
4 6 8 
4 6 7 
4 6 6 
