45 45 1 63
4 8 8 8 12 12 8 8 8 12 12 8 8 8 12 12 8 8 8 12 18 128 8 112 42 12 8 8 8 12 12 8 8 8 12 12 8 8 8 12 12 8 8 8 4 
4 8 8 8 12 12 8 8 8 12 12 8 8 8 12 12 8 8 8 17 78 101 8 84 102 42 8 8 8 12 12 8 8 8 12 12 8 8 8 12 12 8 8 8 4 
4 8 8 8 12 12 8 8 8 12 12 8 8 8 12 12 8 8 38 76 78 44 8 26 102 102 22 8 8 12 12 8 8 8 12 12 8 8 8 12 12 8 8 8 4 
4 8 8 8 12 12 8 8 8 12 12 8 8 8 12 12 8 38 98 77 18 11 8 6 42 102 82 22 8 12 12 8 8 8 12 12 8 8 8 12 12 8 8 8 4 
4 8 8 8 12 12 8 8 8 12 12 8 8 8 12 12 38 98 98 18 12 8 8 8 12 42 82 82 22 12 12 8 8 8 12 12 8 8 8 12 12 8 8 8 4 
4 8 8 8 12 12 8 8 8 12 12 8 8 8 12 18 98 98 38 12 12 8 8 8 12 12 22 82 82 42 12 8 8 8 12 12 8 8 8 12 12 8 8 8 4 
4 8 8 8 12 12 8 8 38 18 12 8 8 8 12 48 98 38 8 12 12 8 8 8 12 12 8 22 82 72 12 8 8 8 12 42 22 8 8 12 12 8 8 8 4 
4 8 8 8 12 12 8 8 98 78 12 8 8 8 12 18 38 8 8 12 12 8 8 8 12 12 8 8 22 42 12 8 8 8 12 102 82 8 8 12 12 8 8 8 4 
4 8 8 8 12 12 8 8 128 108 12 8 8 8 12 12 8 8 8 12 12 8 8 8 12 12 8 8 8 12 12 8 8 8 12 132 112 8 8 12 12 8 8 8 4 
4 8 8 8 12 12 8 8 128 108 12 8 8 8 12 12 8 8 8 12 12 8 8 8 12 12 8 8 8 12 12 8 8 8 12 132 112 8 8 12 12 8 8 8 4 
4 8 8 8 12 12 8 8 128 108 12 8 8 8 12 12 8 8 8 12 12 8 8 8 12 12 8 8 8 12 12 8 8 8 12 132 112 8 8 12 12 8 8 8 4 
4 8 8 8 12 12 8 8 128 108 12 8 8 8 12 12 8 8 8 12 12 8 8 8 12 12 8 8 8 12 12 8 8 8 12 132 112 8 8 12 12 8 8 8 4 
4 8 8 8 12 12 8 8 128 108 12 8 8 8 12 12 8 8 8 12 12 8 8 8 12 12 8 8 8 12 12 8 8 8 12 132 112 8 8 12 12 8 8 8 4 
4 8 8 8 12 12 8 38 128 78 12 8 8 8 12 12 8 8 8 12 12 8 8 8 12 12 8 8 8 12 12 8 8 8 12 102 112 22 8 12 12 8 8 8 4 
4 8 8 8 12 12 38 98 98 18 12 8 8 8 12 12 8 8 8 12 12 8 8 8 12 12 8 8 8 12 12 8 8 8 12 42 82 82 22 12 12 8 8 8 4 
4 8 8 8 12 18 98 98 38 12 12 8 8 8 12 12 8 8 8 12 12 8 8 8 12 12 8 8 8 12 12 8 8 8 12 12 22 82 82 42 12 8 8 8 4 
4 8 8 8 18 78 98 38 8 12 12 8 8 8 12 12 8 8 8 12 12 8 8 8 12 12 8 8 8 12 12 8 8 8 12 12 8 22 82 102 42 8 8 8 4 
4 8 8 38 78 78 38 8 8 12 12 8 8 8 12 12 8 8 8 12 12 8 8 8 12 12 8 8 8 12 12 8 8 8 12 12 8 8 22 102 102 22 8 8 4 
4 8 38 98 78 18 8 8 8 12 12 8 8 8 12 12 8 8 8 12 12 8 8 8 12 12 8 8 8 12 12 8 8 8 12 12 8 8 8 42 102 82 22 8 4 
4 38 98 98 18 12 8 8 8 12 12 8 8 8 12 12 8 8 8 12 12 8 8 8 12 12 8 8 8 12 12 8 8 8 12 12 8 8 8 12 42 82 82 22 4 
34 98 98 38 12 12 8 8 8 12 12 8 8 8 12 12 8 8 8 12 12 8 8 8 12 12 8 8 8 12 12 8 8 8 12 12 8 8 8 12 12 22 82 82 26 
64 98 38 8 12 12 8 8 8 12 12 8 8 8 12 12 8 8 8 12 12 8 8 8 12 12 8 8 8 12 12 8 8 8 12 12 8 8 8 12 12 8 22 82 56 
64 68 8 8 12 12 8 8 8 12 12 8 8 8 12 12 8 8 8 12 12 8 8 8 12 12 8 8 8 12 12 8 8 8 12 12 8 8 8 12 12 8 8 52 56 
64 98 38 8 12 12 8 8 8 12 12 8 8 8 12 12 8 8 8 12 12 8 8 8 12 12 8 8 8 12 12 8 8 8 12 12 8 8 8 12 12 8 22 82 56 
34 98 98 38 12 12 8 8 8 12 12 8 8 8 12 12 8 8 8 12 12 8 8 8 12 12 8 8 8 12 12 8 8 8 12 12 8 8 8 12 12 22 82 82 26 
4 38 98 98 18 12 8 8 8 12 12 8 8 8 12 12 8 8 8 12 12 8 8 8 12 12 8 8 8 12 12 8 8 8 12 12 8 8 8 12 42 82 82 22 4 
4 8 38 98 78 18 8 8 8 12 12 8 8 8 12 12 8 8 8 12 12 8 8 8 12 12 8 8 8 12 12 8 8 8 12 12 8 8 8 42 102 82 22 8 4 
4 8 8 38 78 78 38 8 8 12 12 8 8 8 12 12 8 8 8 12 12 8 8 8 12 12 8 8 8 12 12 8 8 8 12 12 8 8 22 102 102 22 8 8 4 
4 8 8 8 18 78 98 38 8 12 12 8 8 8 12 12 8 8 8 12 12 8 8 8 12 12 8 8 8 12 12 8 8 8 12 12 8 22 82 102 42 8 8 8 4 
4 8 8 8 12 18 98 98 38 12 12 8 8 8 12 12 8 8 8 12 12 8 8 8 12 12 8 8 8 12 12 8 8 8 12 12 22 82 82 42 12 8 8 8 4 
4 8 8 8 12 12 38 98 98 18 12 8 8 8 12 12 8 8 8 12 12 8 8 8 12 12 8 8 8 12 12 8 8 8 12 42 82 82 22 12 12 8 8 8 4 
4 8 8 8 12 12 8 38 128 78 12 8 8 8 12 12 8 8 8 12 12 8 8 8 12 12 8 8 8 12 12 8 8 8 12 102 112 22 8 12 12 8 8 8 4 
4 8 8 8 12 12 8 8 128 108 12 8 8 8 12 12 8 8 8 12 12 8 8 8 12 12 8 8 8 12 12 8 8 8 12 132 112 8 8 12 12 8 8 8 4 
4 8 8 8 12 12 8 8 128 108 12 8 8 8 12 12 8 8 8 12 12 8 8 8 12 12 8 8 8 12 12 8 8 8 12 132 112 8 8 12 12 8 8 8 4 
4 8 8 8 12 12 8 8 128 108 12 8 8 8 12 12 8 8 8 12 12 8 8 8 12 12 8 8 8 12 12 8 8 8 12 132 112 8 8 12 12 8 8 8 4 
4 8 8 8 12 12 8 8 128 108 12 8 8 8 12 12 8 8 8 12 12 8 8 8 12 12 8 8 8 12 12 8 8 8 12 132 112 8 8 12 12 8 8 8 4 
4 8 8 8 12 12 8 8 128 108 12 8 8 8 12 12 8 8 8 12 12 8 8 8 12 12 8 8 8 12 12 8 8 8 12 132 112 8 8 12 12 8 8 8 4 
4 8 8 8 12 12 8 8 98 78 12 8 8 8 12 18 38 8 8 12 12 8 8 8 12 12 8 8 22 42 12 8 8 8 12 102 82 8 8 12 12 8 8 8 4 
4 8 8 8 12 12 8 8 38 18 12 8 8 8 12 48 98 38 8 12 12 8 8 8 12 12 8 22 82 72 12 8 8 8 12 42 22 8 8 12 12 8 8 8 4 
4 8 8 8 12 12 8 8 8 12 12 8 8 8 12 18 98 98 38 12 12 8 8 8 12 12 22 82 82 42 12 8 8 8 12 12 8 8 8 12 12 8 8 8 4 
4 8 8 8 12 12 8 8 8 12 12 8 8 8 12 12 38 98 98 18 12 8 8 8 12 42 82 82 22 12 12 8 8 8 12 12 8 8 8 12 12 8 8 8 4 
4 8 8 8 12 12 8 8 8 12 12 8 8 8 12 12 8 38 98 78 18 8 8 8 42 102 82 22 8 12 12 8 8 8 12 12 8 8 8 12 12 8 8 8 4 
4 8 8 8 12 12 8 8 8 12 12 8 8 8 12 12 8 8 38 78 78 38 8 22 102 102 22 8 8 12 12 8 8 8 12 12 8 8 8 12 12 8 8 8 4 
4 8 8 8 12 12 8 8 8 12 12 8 8 8 12 12 8 8 8 18 78 98 8 82 102 42 8 8 8 12 12 8 8 8 12 12 8 8 8 12 12 8 8 8 4 
4 8 8 8 12 12 8 8 8 12 12 8 8 8 12 12 8 8 8 12 18 128 8 112 42 12 8 8 8 12 12 8 8 8 12 12 8 8 8 12 12 8 8 8 4 
