45 45 1 63
1 2 2 2 3 3 2 2 2 3 3 2 2 2 3 3 2 2 2 3 3 62 62 2 57 3 2 2 2 3 3 2 2 2 3 3 2 2 2 3 3 2 2 2 1 
1 2 2 2 3 3 2 2 2 3 3 2 2 2 3 3 2 2 2 3 56 120 64 6 57 57 2 2 2 3 3 2 2 2 3 3 2 2 2 3 3 2 2 2 1 
1 2 2 2 3 3 2 2 2 3 3 2 2 2 3 3 2 2 2 56 117 65 2 0 3 57 62 2 2 3 3 2 2 2 3 3 2 2 2 3 3 2 2 2 1 
1 2 2 2 3 3 2 2 2 3 3 2 2 2 3 3 2 2 62 117 58 4 0 2 3 3 62 62 2 3 3 2 2 2 3 3 2 2 2 3 3 2 2 2 1 
1 2 2 2 3 3 2 2 2 3 3 2 2 2 3 3 2 62 122 57 3 2 2 2 3 3 2 62 62 3 3 2 2 2 3 3 2 2 2 3 3 2 2 2 1 
1 2 2 2 3 3 2 2 2 3 3 2 2 2 3 3 62 122 62 3 3 2 2 2 3 3 2 2 62 57 3 2 2 2 3 3 2 2 2 3 3 2 2 2 1 
1 2 2 2 3 3 2 2 2 27 87 92 92 92 87 117 122 62 2 3 3 2 2 2 3 3 2 2 2 57 87 92 92 92 87 87 62 2 2 3 3 2 2 2 1 
1 2 2 2 3 3 2 2 32 57 87 92 92 92 87 87 62 2 2 3 3 2 2 2 3 3 2 2 2 27 87 92 92 92 87 57 32 2 2 3 3 2 2 2 1 
1 2 2 2 3 3 2 2 32 27 3 2 2 2 3 3 2 2 2 3 3 2 2 2 3 3 2 2 2 3 3 2 2 2 3 33 28 2 2 3 3 2 2 2 1 
1 2 2 2 3 3 2 2 32 27 3 2 2 2 3 3 2 2 2 3 3 2 2 2 3 3 2 2 2 3 3 2 2 2 3 33 28 2 2 3 3 2 2 2 1 
1 2 2 2 3 3 2 2 32 27 3 2 2 2 3 3 2 2 2 3 3 2 2 2 3 3 2 2 2 3 3 2 2 2 3 33 28 2 2 3 3 2 2 2 1 
1 2 2 2 3 3 2 2 32 27 3 2 2 2 3 3 2 2 2 3 3 2 2 2 3 3 2 2 2 3 3 2 2 2 3 33 28 2 2 3 3 2 2 2 1 
1 2 2 2 3 3 2 2 32 27 3 2 2 2 3 3 2 2 2 3 3 2 2 2 3 3 2 2 2 3 3 2 2 2 3 33 28 2 2 3 3 2 2 2 1 
1 2 2 2 3 3 2 2 62 87 3 2 2 2 3 3 2 2 2 3 3 2 2 2 3 3 2 2 2 3 3 2 2 2 3 33 2 62 2 3 3 2 2 2 1 
1 2 2 2 3 3 2 62 122 57 3 2 2 2 3 3 2 2 2 3 3 2 2 2 3 3 2 2 2 3 3 2 2 2 3 3 2 62 62 3 3 2 2 2 1 
1 2 2 2 3 3 62 122 62 3 3 2 2 2 3 3 2 2 2 3 3 2 2 2 3 3 2 2 2 3 3 2 2 2 3 3 2 2 62 57 3 2 2 2 1 
1 2 2 2 3 57 122 62 2 3 3 2 2 2 3 3 2 2 2 3 3 2 2 2 3 3 2 2 2 3 3 2 2 2 3 3 2 2 2 57 57 2 2 2 1 
1 2 2 2 57 117 62 2 2 3 3 2 2 2 3 3 2 2 2 3 3 2 2 2 3 3 2 2 2 3 3 2 2 2 3 3 2 2 2 3 57 62 2 2 1 
1 2 2 62 117 57 2 2 2 3 3 2 2 2 3 3 2 2 2 3 3 2 2 2 3 3 2 2 2 3 3 2 2 2 3 3 2 2 2 3 3 62 62 2 1 
1 2 62 122 57 3 2 2 2 3 3 2 2 2 3 3 2 2 2 3 3 2 2 2 3 3 2 2 2 3 3 2 2 2 3 3 2 2 2 3 3 2 62 62 1 
1 62 122 62 3 3 2 2 2 3 3 2 2 2 3 3 2 2 2 3 3 2 2 2 3 3 2 2 2 3 3 2 2 2 3 3 2 2 2 3 3 2 2 62 61 
121 122 62 2 3 3 2 2 2 3 3 2 2 2 3 3 2 2 2 3 3 2 2 2 3 3 2 2 2 3 3 2 2 2 3 3 2 2 2 3 3 2 2 2 61 
1 2 2 2 3 3 2 2 2 3 3 2 2 2 3 3 2 2 2 3 3 2 2 2 3 3 2 2 2 3 3 2 2 2 3 3 2 2 2 3 3 2 2 2 1 
59 58 58 2 3 3 2 2 2 3 3 2 2 2 3 3 2 2 2 3 3 2 2 2 3 3 2 2 2 3 3 2 2 2 3 3 2 2 2 3 3 2 2 58 119 
1 2 58 58 3 3 2 2 2 3 3 2 2 2 3 3 2 2 2 3 3 2 2 2 3 3 2 2 2 3 3 2 2 2 3 3 2 2 2 3 3 2 58 118 59 
1 2 2 58 63 3 2 2 2 3 3 2 2 2 3 3 2 2 2 3 3 2 2 2 3 3 2 2 2 3 3 2 2 2 3 3 2 2 2 3 3 58 118 58 1 
1 2 2 2 63 63 2 2 2 3 3 2 2 2 3 3 2 2 2 3 3 2 2 2 3 3 2 2 2 3 3 2 2 2 3 3 2 2 2 3 63 118 58 2 1 
1 2 2 2 3 63 58 2 2 3 3 2 2 2 3 3 2 2 2 3 3 2 2 2 3 3 2 2 2 3 3 2 2 2 3 3 2 2 2 63 123 58 2 2 1 
1 2 2 2 3 3 58 58 2 3 3 2 2 2 3 3 2 2 2 3 3 2 2 2 3 3 2 2 2 3 3 2 2 2 3 3 2 2 58 123 63 2 2 2 1 
1 2 2 2 3 3 2 58 58 3 3 2 2 2 3 3 2 2 2 3 3 2 2 2 3 3 2 2 2 3 3 2 2 2 3 3 2 58 118 63 3 2 2 2 1 
1 2 2 2 3 3 2 2 58 63 3 2 2 2 3 3 2 2 2 3 3 2 2 2 3 3 2 2 2 3 3 2 2 2 3 3 58 118 58 3 3 2 2 2 1 
1 2 2 2 3 3 2 2 2 33 3 2 2 2 3 3 2 2 2 3 3 2 2 2 3 3 2 2 2 3 3 2 2 2 3 33 58 58 2 3 3 2 2 2 1 
1 2 2 2 3 3 2 2 32 27 3 2 2 2 3 3 2 2 2 3 3 2 2 2 3 3 2 2 2 3 3 2 2 2 3 33 28 2 2 3 3 2 2 2 1 
1 2 2 2 3 3 2 2 32 27 3 2 2 2 3 3 2 2 2 3 3 2 2 2 3 3 2 2 2 3 3 2 2 2 3 33 28 2 2 3 3 2 2 2 1 
1 2 2 2 3 3 2 2 32 27 3 2 2 2 3 3 2 2 2 3 3 2 2 2 3 3 2 2 2 3 3 2 2 2 3 33 28 2 2 3 3 2 2 2 1 
1 2 2 2 3 3 2 2 32 27 3 2 2 2 3 3 2 2 2 3 3 2 2 2 3 3 2 2 2 3 3 2 2 2 3 33 28 2 2 3 3 2 2 2 1 
1 2 2 2 3 3 2 2 32 27 3 2 2 2 3 3 2 2 2 3 3 2 2 2 3 3 2 2 2 3 3 2 2 2 3 33 28 2 2 3 3 2 2 2 1 
1 2 2 2 3 3 2 2 32 3 93 88 88 88 93 93 58 2 2 3 3 2 2 2 3 3 2 2 2 33 93 88 88 88 93 123 88 2 2 3 3 2 2 2 1 
1 2 2 2 3 3 2 2 2 33 93 88 88 88 93 63 58 58 2 3 3 2 2 2 3 3 2 2 58 123 93 88 88 88 93 93 58 2 2 3 3 2 2 2 1 
1 2 2 2 3 3 2 2 2 3 3 2 2 2 3 3 2 58 58 3 3 2 2 2 3 3 2 58 118 63 3 2 2 2 3 3 2 2 2 3 3 2 2 2 1 
1 2 2 2 3 3 2 2 2 3 3 2 2 2 3 3 2 2 58 63 3 2 2 2 3 3 58 118 58 3 3 2 2 2 3 3 2 2 2 3 3 2 2 2 1 
1 2 2 2 3 3 2 2 2 3 3 2 2 2 3 3 2 2 2 63 63 2 2 2 3 63 118 58 2 3 3 2 2 2 3 3 2 2 2 3 3 2 2 2 1 
1 2 2 2 3 3 2 2 2 3 3 2 2 2 3 3 2 2 2 3 63 58 2 2 63 123 58 2 2 3 3 2 2 2 3 3 2 2 2 3 3 2 2 2 1 
1 2 2 2 3 3 2 2 2 3 3 2 2 2 3 3 2 2 2 3 3 58 58 58 123 63 2 2 2 3 3 2 2 2 3 3 2 2 2 3 3 2 2 2 1 
1 2 2 2 3 3 2 2 2 3 3 2 2 2 3 3 2 2 2 3 3 2 58 58 63 3 2 2 2 3 3 2 2 2 3 3 2 2 2 3 3 2 2 2 1 
