45 45 1 63
1 2 2 2 3 3 2 2 2 3 3 2 2 2 3 3 2 2 2 3 63 2 58 58 3 3 2 2 2 3 3 2 2 2 3 3 2 2 2 3 3 2 2 2 1 
1 2 2 2 3 3 2 2 2 3 3 2 2 2 3 3 2 2 2 61 62 2 60 118 63 3 2 2 2 3 3 2 2 2 3 3 2 2 2 3 3 2 2 2 1 
1 2 2 2 3 3 2 2 2 3 3 2 2 2 3 3 2 2 58 64 3 5 2 60 123 63 2 2 2 3 3 2 2 2 3 3 2 2 2 3 3 2 2 2 1 
1 2 2 2 3 3 2 2 2 3 3 2 2 2 3 3 2 58 58 5 4 6 4 2 63 123 58 2 2 3 3 2 2 2 3 3 2 2 2 3 3 2 2 2 1 
1 2 2 2 3 3 2 2 2 3 3 2 2 2 3 3 58 58 2 3 3 2 2 2 3 63 118 58 2 3 3 2 2 2 3 3 2 2 2 3 3 2 2 2 1 
1 2 2 2 3 3 2 2 2 3 3 2 2 2 3 63 58 2 2 3 3 2 2 2 3 3 58 118 58 3 3 2 2 2 3 3 2 2 2 3 3 2 2 2 1 
1 2 2 2 3 3 2 2 58 93 93 88 88 88 93 63 2 2 2 3 3 2 2 2 3 3 2 58 118 123 93 88 88 88 93 33 2 2 2 3 3 2 2 2 1 
1 2 2 2 3 3 2 2 28 63 93 88 88 88 93 33 2 2 2 3 3 2 2 2 3 3 2 2 58 93 93 88 88 88 93 63 28 2 2 3 3 2 2 2 1 
1 2 2 2 3 3 2 2 32 27 3 2 2 2 3 3 2 2 2 3 3 2 2 2 3 3 2 2 2 3 3 2 2 2 3 33 28 2 2 3 3 2 2 2 1 
1 2 2 2 3 3 2 2 32 27 3 2 2 2 3 3 2 2 2 3 3 2 2 2 3 3 2 2 2 3 3 2 2 2 3 33 28 2 2 3 3 2 2 2 1 
1 2 2 2 3 3 2 2 32 27 3 2 2 2 3 3 2 2 2 3 3 2 2 2 3 3 2 2 2 3 3 2 2 2 3 33 28 2 2 3 3 2 2 2 1 
1 2 2 2 3 3 2 2 32 27 3 2 2 2 3 3 2 2 2 3 3 2 2 2 3 3 2 2 2 3 3 2 2 2 3 33 28 2 2 3 3 2 2 2 1 
1 2 2 2 3 3 2 2 32 27 3 2 2 2 3 3 2 2 2 3 3 2 2 2 3 3 2 2 2 3 3 2 2 2 3 33 28 2 2 3 3 2 2 2 1 
1 2 2 2 3 3 2 58 2 27 3 2 2 2 3 3 2 2 2 3 3 2 2 2 3 3 2 2 2 3 3 2 2 2 3 93 58 2 2 3 3 2 2 2 1 
1 2 2 2 3 3 58 58 2 3 3 2 2 2 3 3 2 2 2 3 3 2 2 2 3 3 2 2 2 3 3 2 2 2 3 63 118 58 2 3 3 2 2 2 1 
1 2 2 2 3 63 58 2 2 3 3 2 2 2 3 3 2 2 2 3 3 2 2 2 3 3 2 2 2 3 3 2 2 2 3 3 58 118 58 3 3 2 2 2 1 
1 2 2 2 63 63 2 2 2 3 3 2 2 2 3 3 2 2 2 3 3 2 2 2 3 3 2 2 2 3 3 2 2 2 3 3 2 58 118 63 3 2 2 2 1 
1 2 2 58 63 3 2 2 2 3 3 2 2 2 3 3 2 2 2 3 3 2 2 2 3 3 2 2 2 3 3 2 2 2 3 3 2 2 58 123 63 2 2 2 1 
1 2 58 58 3 3 2 2 2 3 3 2 2 2 3 3 2 2 2 3 3 2 2 2 3 3 2 2 2 3 3 2 2 2 3 3 2 2 2 63 123 58 2 2 1 
1 58 58 2 3 3 2 2 2 3 3 2 2 2 3 3 2 2 2 3 3 2 2 2 3 3 2 2 2 3 3 2 2 2 3 3 2 2 2 3 63 118 58 2 1 
59 58 2 2 3 3 2 2 2 3 3 2 2 2 3 3 2 2 2 3 3 2 2 2 3 3 2 2 2 3 3 2 2 2 3 3 2 2 2 3 3 58 118 58 1 
59 2 2 2 3 3 2 2 2 3 3 2 2 2 3 3 2 2 2 3 3 2 2 2 3 3 2 2 2 3 3 2 2 2 3 3 2 2 2 3 3 2 58 118 119 
1 2 2 2 3 3 2 2 2 3 3 2 2 2 3 3 2 2 2 3 3 2 2 2 3 3 2 2 2 3 3 2 2 2 3 3 2 2 2 3 3 2 2 2 1 
121 62 2 2 3 3 2 2 2 3 3 2 2 2 3 3 2 2 2 3 3 2 2 2 3 3 2 2 2 3 3 2 2 2 3 3 2 2 2 3 3 2 62 62 61 
61 122 62 2 3 3 2 2 2 3 3 2 2 2 3 3 2 2 2 3 3 2 2 2 3 3 2 2 2 3 3 2 2 2 3 3 2 2 2 3 3 62 62 2 1 
1 62 122 62 3 3 2 2 2 3 3 2 2 2 3 3 2 2 2 3 3 2 2 2 3 3 2 2 2 3 3 2 2 2 3 3 2 2 2 3 57 62 2 2 1 
1 2 62 122 57 3 2 2 2 3 3 2 2 2 3 3 2 2 2 3 3 2 2 2 3 3 2 2 2 3 3 2 2 2 3 3 2 2 2 57 57 2 2 2 1 
1 2 2 62 117 57 2 2 2 3 3 2 2 2 3 3 2 2 2 3 3 2 2 2 3 3 2 2 2 3 3 2 2 2 3 3 2 2 62 57 3 2 2 2 1 
1 2 2 2 57 117 62 2 2 3 3 2 2 2 3 3 2 2 2 3 3 2 2 2 3 3 2 2 2 3 3 2 2 2 3 3 2 62 62 3 3 2 2 2 1 
1 2 2 2 3 57 122 62 2 3 3 2 2 2 3 3 2 2 2 3 3 2 2 2 3 3 2 2 2 3 3 2 2 2 3 3 62 62 2 3 3 2 2 2 1 
1 2 2 2 3 3 62 122 62 3 3 2 2 2 3 3 2 2 2 3 3 2 2 2 3 3 2 2 2 3 3 2 2 2 3 57 62 2 2 3 3 2 2 2 1 
1 2 2 2 3 3 2 62 62 27 3 2 2 2 3 3 2 2 2 3 3 2 2 2 3 3 2 2 2 3 3 2 2 2 3 27 2 2 2 3 3 2 2 2 1 
1 2 2 2 3 3 2 2 32 27 3 2 2 2 3 3 2 2 2 3 3 2 2 2 3 3 2 2 2 3 3 2 2 2 3 33 28 2 2 3 3 2 2 2 1 
1 2 2 2 3 3 2 2 32 27 3 2 2 2 3 3 2 2 2 3 3 2 2 2 3 3 2 2 2 3 3 2 2 2 3 33 28 2 2 3 3 2 2 2 1 
1 2 2 2 3 3 2 2 32 27 3 2 2 2 3 3 2 2 2 3 3 2 2 2 3 3 2 2 2 3 3 2 2 2 3 33 28 2 2 3 3 2 2 2 1 
1 2 2 2 3 3 2 2 32 27 3 2 2 2 3 3 2 2 2 3 3 2 2 2 3 3 2 2 2 3 3 2 2 2 3 33 28 2 2 3 3 2 2 2 1 
1 2 2 2 3 3 2 2 32 27 3 2 2 2 3 3 2 2 2 3 3 2 2 2 3 3 2 2 2 3 3 2 2 2 3 33 28 2 2 3 3 2 2 2 1 
1 2 2 2 3 3 2 2 92 117 87 92 92 92 87 27 2 2 2 3 3 2 2 2 3 3 2 2 62 87 87 92 92 92 87 3 28 2 2 3 3 2 2 2 1 
1 2 2 2 3 3 2 2 62 87 87 92 92 92 87 117 62 2 2 3 3 2 2 2 3 3 2 62 62 57 87 92 92 92 87 27 2 2 2 3 3 2 2 2 1 
1 2 2 2 3 3 2 2 2 3 3 2 2 2 3 57 122 62 2 3 3 2 2 2 3 3 62 62 2 3 3 2 2 2 3 3 2 2 2 3 3 2 2 2 1 
1 2 2 2 3 3 2 2 2 3 3 2 2 2 3 3 62 122 62 3 3 2 2 2 3 57 62 2 2 3 3 2 2 2 3 3 2 2 2 3 3 2 2 2 1 
1 2 2 2 3 3 2 2 2 3 3 2 2 2 3 3 2 62 122 57 3 2 2 2 57 57 2 2 2 3 3 2 2 2 3 3 2 2 2 3 3 2 2 2 1 
1 2 2 2 3 3 2 2 2 3 3 2 2 2 3 3 2 2 62 117 57 2 2 62 57 3 2 2 2 3 3 2 2 2 3 3 2 2 2 3 3 2 2 2 1 
1 2 2 2 3 3 2 2 2 3 3 2 2 2 3 3 2 2 2 57 117 62 62 62 3 3 2 2 2 3 3 2 2 2 3 3 2 2 2 3 3 2 2 2 1 
1 2 2 2 3 3 2 2 2 3 3 2 2 2 3 3 2 2 2 3 57 62 62 2 3 3 2 2 2 3 3 2 2 2 3 3 2 2 2 3 3 2 2 2 1 
