45 45 1 63
1 1 1 1 4 1 1 1 1 4 1 1 1 1 4 1 1 1 1 4 1 43 29 30 4 1 1 1 1 4 1 1 1 1 4 1 1 1 1 4 1 1 1 1 0 
1 1 1 1 4 1 1 1 1 4 1 1 1 1 4 1 1 1 1 4 42 1 2 29 30 1 1 1 1 4 1 1 1 1 4 1 1 1 1 4 1 1 1 1 0 
1 1 1 1 4 1 1 1 1 4 1 1 1 1 4 1 1 1 1 39 2 3 2 1 34 30 1 1 1 4 1 1 1 1 4 1 1 1 1 4 1 1 1 1 0 
1 1 1 1 4 1 1 1 1 4 1 1 1 1 4 1 1 1 43 4 1 1 1 1 4 29 30 1 1 4 1 1 1 1 4 1 1 1 1 4 1 1 1 1 0 
1 1 1 1 4 1 1 1 1 4 1 1 1 1 4 1 1 43 1 4 1 1 1 1 4 1 29 30 1 4 1 1 1 1 4 1 1 1 1 4 1 1 1 1 0 
1 1 1 1 4 1 1 1 1 4 1 1 1 1 4 1 43 1 1 4 1 1 1 1 4 1 1 29 30 4 1 1 1 1 4 1 1 1 1 4 1 1 1 1 0 
1 1 1 1 4 1 1 1 1 30 30 30 30 30 30 43 1 1 1 4 1 1 1 1 4 1 1 1 29 30 30 30 30 30 30 30 1 1 1 4 1 1 1 1 0 
1 1 1 1 4 1 1 1 31 4 1 1 1 1 4 1 1 1 1 4 1 1 1 1 4 1 1 1 1 4 1 1 1 1 4 29 1 1 1 4 1 1 1 1 0 
1 1 1 1 4 1 1 1 31 4 1 1 1 1 4 1 1 1 1 4 1 1 1 1 4 1 1 1 1 4 1 1 1 1 4 29 1 1 1 4 1 1 1 1 0 
1 1 1 1 4 1 1 1 31 4 1 1 1 1 4 1 1 1 1 4 1 1 1 1 4 1 1 1 1 4 1 1 1 1 4 29 1 1 1 4 1 1 1 1 0 
1 1 1 1 4 1 1 1 31 4 1 1 1 1 4 1 1 1 1 4 1 1 1 1 4 1 1 1 1 4 1 1 1 1 4 29 1 1 1 4 1 1 1 1 0 
1 1 1 1 4 1 1 1 31 4 1 1 1 1 4 1 1 1 1 4 1 1 1 1 4 1 1 1 1 4 1 1 1 1 4 29 1 1 1 4 1 1 1 1 0 
1 1 1 1 4 1 1 1 31 4 1 1 1 1 4 1 1 1 1 4 1 1 1 1 4 1 1 1 1 4 1 1 1 1 4 29 1 1 1 4 1 1 1 1 0 
1 1 1 1 4 1 1 1 43 4 1 1 1 1 4 1 1 1 1 4 1 1 1 1 4 1 1 1 1 4 1 1 1 1 4 29 30 1 1 4 1 1 1 1 0 
1 1 1 1 4 1 1 43 1 4 1 1 1 1 4 1 1 1 1 4 1 1 1 1 4 1 1 1 1 4 1 1 1 1 4 1 29 30 1 4 1 1 1 1 0 
1 1 1 1 4 1 43 1 1 4 1 1 1 1 4 1 1 1 1 4 1 1 1 1 4 1 1 1 1 4 1 1 1 1 4 1 1 29 30 4 1 1 1 1 0 
1 1 1 1 4 43 1 1 1 4 1 1 1 1 4 1 1 1 1 4 1 1 1 1 4 1 1 1 1 4 1 1 1 1 4 1 1 1 29 30 1 1 1 1 0 
1 1 1 1 39 1 1 1 1 4 1 1 1 1 4 1 1 1 1 4 1 1 1 1 4 1 1 1 1 4 1 1 1 1 4 1 1 1 1 34 30 1 1 1 0 
1 1 1 43 4 1 1 1 1 4 1 1 1 1 4 1 1 1 1 4 1 1 1 1 4 1 1 1 1 4 1 1 1 1 4 1 1 1 1 4 29 30 1 1 0 
1 1 43 1 4 1 1 1 1 4 1 1 1 1 4 1 1 1 1 4 1 1 1 1 4 1 1 1 1 4 1 1 1 1 4 1 1 1 1 4 1 29 30 1 0 
1 43 1 1 4 1 1 1 1 4 1 1 1 1 4 1 1 1 1 4 1 1 1 1 4 1 1 1 1 4 1 1 1 1 4 1 1 1 1 4 1 1 29 30 0 
43 1 1 1 4 1 1 1 1 4 1 1 1 1 4 1 1 1 1 4 1 1 1 1 4 1 1 1 1 4 1 1 1 1 4 1 1 1 1 4 1 1 1 29 30 
30 1 1 1 4 1 1 1 1 4 1 1 1 1 4 1 1 1 1 4 1 1 1 1 4 1 1 1 1 4 1 1 1 1 4 1 1 1 1 4 1 1 1 1 30 
31 30 1 1 4 1 1 1 1 4 1 1 1 1 4 1 1 1 1 4 1 1 1 1 4 1 1 1 1 4 1 1 1 1 4 1 1 1 1 4 1 1 1 41 0 
1 31 30 1 4 1 1 1 1 4 1 1 1 1 4 1 1 1 1 4 1 1 1 1 4 1 1 1 1 4 1 1 1 1 4 1 1 1 1 4 1 1 41 1 0 
1 1 31 30 4 1 1 1 1 4 1 1 1 1 4 1 1 1 1 4 1 1 1 1 4 1 1 1 1 4 1 1 1 1 4 1 1 1 1 4 1 41 1 1 0 
1 1 1 31 30 1 1 1 1 4 1 1 1 1 4 1 1 1 1 4 1 1 1 1 4 1 1 1 1 4 1 1 1 1 4 1 1 1 1 4 41 1 1 1 0 
1 1 1 1 26 30 1 1 1 4 1 1 1 1 4 1 1 1 1 4 1 1 1 1 4 1 1 1 1 4 1 1 1 1 4 1 1 1 1 45 1 1 1 1 0 
1 1 1 1 4 31 30 1 1 4 1 1 1 1 4 1 1 1 1 4 1 1 1 1 4 1 1 1 1 4 1 1 1 1 4 1 1 1 41 4 1 1 1 1 0 
1 1 1 1 4 1 31 30 1 4 1 1 1 1 4 1 1 1 1 4 1 1 1 1 4 1 1 1 1 4 1 1 1 1 4 1 1 41 1 4 1 1 1 1 0 
1 1 1 1 4 1 1 31 30 4 1 1 1 1 4 1 1 1 1 4 1 1 1 1 4 1 1 1 1 4 1 1 1 1 4 1 41 1 1 4 1 1 1 1 0 
1 1 1 1 4 1 1 1 31 4 1 1 1 1 4 1 1 1 1 4 1 1 1 1 4 1 1 1 1 4 1 1 1 1 4 29 1 1 1 4 1 1 1 1 0 
1 1 1 1 4 1 1 1 31 4 1 1 1 1 4 1 1 1 1 4 1 1 1 1 4 1 1 1 1 4 1 1 1 1 4 29 1 1 1 4 1 1 1 1 0 
1 1 1 1 4 1 1 1 31 4 1 1 1 1 4 1 1 1 1 4 1 1 1 1 4 1 1 1 1 4 1 1 1 1 4 29 1 1 1 4 1 1 1 1 0 
1 1 1 1 4 1 1 1 31 4 1 1 1 1 4 1 1 1 1 4 1 1 1 1 4 1 1 1 1 4 1 1 1 1 4 29 1 1 1 4 1 1 1 1 0 
1 1 1 1 4 1 1 1 31 4 1 1 1 1 4 1 1 1 1 4 1 1 1 1 4 1 1 1 1 4 1 1 1 1 4 29 1 1 1 4 1 1 1 1 0 
1 1 1 1 4 1 1 1 31 4 1 1 1 1 4 1 1 1 1 4 1 1 1 1 4 1 1 1 1 4 1 1 1 1 4 29 1 1 1 4 1 1 1 1 0 
1 1 1 1 4 1 1 1 31 30 30 30 30 30 30 30 1 1 1 4 1 1 1 1 4 1 1 1 1 30 30 30 30 30 30 41 1 1 1 4 1 1 1 1 0 
1 1 1 1 4 1 1 1 1 4 1 1 1 1 4 31 30 1 1 4 1 1 1 1 4 1 1 1 41 4 1 1 1 1 4 1 1 1 1 4 1 1 1 1 0 
1 1 1 1 4 1 1 1 1 4 1 1 1 1 4 1 31 30 1 4 1 1 1 1 4 1 1 41 1 4 1 1 1 1 4 1 1 1 1 4 1 1 1 1 0 
1 1 1 1 4 1 1 1 1 4 1 1 1 1 4 1 1 31 30 4 1 1 1 1 4 1 41 1 1 4 1 1 1 1 4 1 1 1 1 4 1 1 1 1 0 
1 1 1 1 4 1 1 1 1 4 1 1 1 1 4 1 1 1 31 30 1 1 1 1 4 41 1 1 1 4 1 1 1 1 4 1 1 1 1 4 1 1 1 1 0 
1 1 1 1 4 1 1 1 1 4 1 1 1 1 4 1 1 1 1 26 30 1 1 1 45 1 1 1 1 4 1 1 1 1 4 1 1 1 1 4 1 1 1 1 0 
1 1 1 1 4 1 1 1 1 4 1 1 1 1 4 1 1 1 1 4 31 30 1 41 4 1 1 1 1 4 1 1 1 1 4 1 1 1 1 4 1 1 1 1 0 
1 1 1 1 4 1 1 1 1 4 1 1 1 1 4 1 1 1 1 4 1 31 29 1 4 1 1 1 1 4 1 1 1 1 4 1 1 1 1 4 1 1 1 1 0 
