SobelVertical: 
4 8 8 8 12 12 8 8 8 12 12 8 8 8 12 12 8 8 8 12 18 128 8 112 42 12 8 8 8 12 12 8 8 8 12 12 8 8 8 12 12 8 8 8 4 
4 8 8 8 12 12 8 8 8 12 12 8 8 8 12 12 8 8 8 17 78 101 8 84 102 42 8 8 8 12 12 8 8 8 12 12 8 8 8 12 12 8 8 8 4 
4 8 8 8 12 12 8 8 8 12 12 8 8 8 12 12 8 8 38 76 78 44 8 26 102 102 22 8 8 12 12 8 8 8 12 12 8 8 8 12 12 8 8 8 4 
4 8 8 8 12 12 8 8 8 12 12 8 8 8 12 12 8 38 98 77 18 11 8 6 42 102 82 22 8 12 12 8 8 8 12 12 8 8 8 12 12 8 8 8 4 
4 8 8 8 12 12 8 8 8 12 12 8 8 8 12 12 38 98 98 18 12 8 8 8 12 42 82 82 22 12 12 8 8 8 12 12 8 8 8 12 12 8 8 8 4 
4 8 8 8 12 12 8 8 8 12 12 8 8 8 12 18 98 98 38 12 12 8 8 8 12 12 22 82 82 42 12 8 8 8 12 12 8 8 8 12 12 8 8 8 4 
4 8 8 8 12 12 8 8 38 18 12 8 8 8 12 48 98 38 8 12 12 8 8 8 12 12 8 22 82 72 12 8 8 8 12 42 22 8 8 12 12 8 8 8 4 
4 8 8 8 12 12 8 8 98 78 12 8 8 8 12 18 38 8 8 12 12 8 8 8 12 12 8 8 22 42 12 8 8 8 12 102 82 8 8 12 12 8 8 8 4 
4 8 8 8 12 12 8 8 128 108 12 8 8 8 12 12 8 8 8 12 12 8 8 8 12 12 8 8 8 12 12 8 8 8 12 132 112 8 8 12 12 8 8 8 4 
4 8 8 8 12 12 8 8 128 108 12 8 8 8 12 12 8 8 8 12 12 8 8 8 12 12 8 8 8 12 12 8 8 8 12 132 112 8 8 12 12 8 8 8 4 
4 8 8 8 12 12 8 8 128 108 12 8 8 8 12 12 8 8 8 12 12 8 8 8 12 12 8 8 8 12 12 8 8 8 12 132 112 8 8 12 12 8 8 8 4 
4 8 8 8 12 12 8 8 128 108 12 8 8 8 12 12 8 8 8 12 12 8 8 8 12 12 8 8 8 12 12 8 8 8 12 132 112 8 8 12 12 8 8 8 4 
4 8 8 8 12 12 8 8 128 108 12 8 8 8 12 12 8 8 8 12 12 8 8 8 12 12 8 8 8 12 12 8 8 8 12 132 112 8 8 12 12 8 8 8 4 
4 8 8 8 12 12 8 38 128 78 12 8 8 8 12 12 8 8 8 12 12 8 8 8 12 12 8 8 8 12 12 8 8 8 12 102 112 22 8 12 12 8 8 8 4 
4 8 8 8 12 12 38 98 98 18 12 8 8 8 12 12 8 8 8 12 12 8 8 8 12 12 8 8 8 12 12 8 8 8 12 42 82 82 22 12 12 8 8 8 4 
4 8 8 8 12 18 98 98 38 12 12 8 8 8 12 12 8 8 8 12 12 8 8 8 12 12 8 8 8 12 12 8 8 8 12 12 22 82 82 42 12 8 8 8 4 
4 8 8 8 18 78 98 38 8 12 12 8 8 8 12 12 8 8 8 12 12 8 8 8 12 12 8 8 8 12 12 8 8 8 12 12 8 22 82 102 42 8 8 8 4 
4 8 8 38 78 78 38 8 8 12 12 8 8 8 12 12 8 8 8 12 12 8 8 8 12 12 8 8 8 12 12 8 8 8 12 12 8 8 22 102 102 22 8 8 4 
4 8 38 98 78 18 8 8 8 12 12 8 8 8 12 12 8 8 8 12 12 8 8 8 12 12 8 8 8 12 12 8 8 8 12 12 8 8 8 42 102 82 22 8 4 
4 38 98 98 18 12 8 8 8 12 12 8 8 8 12 12 8 8 8 12 12 8 8 8 12 12 8 8 8 12 12 8 8 8 12 12 8 8 8 12 42 82 82 22 4 
34 98 98 38 12 12 8 8 8 12 12 8 8 8 12 12 8 8 8 12 12 8 8 8 12 12 8 8 8 12 12 8 8 8 12 12 8 8 8 12 12 22 82 82 26 
64 98 38 8 12 12 8 8 8 12 12 8 8 8 12 12 8 8 8 12 12 8 8 8 12 12 8 8 8 12 12 8 8 8 12 12 8 8 8 12 12 8 22 82 56 
64 68 8 8 12 12 8 8 8 12 12 8 8 8 12 12 8 8 8 12 12 8 8 8 12 12 8 8 8 12 12 8 8 8 12 12 8 8 8 12 12 8 8 52 56 
64 98 38 8 12 12 8 8 8 12 12 8 8 8 12 12 8 8 8 12 12 8 8 8 12 12 8 8 8 12 12 8 8 8 12 12 8 8 8 12 12 8 22 82 56 
34 98 98 38 12 12 8 8 8 12 12 8 8 8 12 12 8 8 8 12 12 8 8 8 12 12 8 8 8 12 12 8 8 8 12 12 8 8 8 12 12 22 82 82 26 
4 38 98 98 18 12 8 8 8 12 12 8 8 8 12 12 8 8 8 12 12 8 8 8 12 12 8 8 8 12 12 8 8 8 12 12 8 8 8 12 42 82 82 22 4 
4 8 38 98 78 18 8 8 8 12 12 8 8 8 12 12 8 8 8 12 12 8 8 8 12 12 8 8 8 12 12 8 8 8 12 12 8 8 8 42 102 82 22 8 4 
4 8 8 38 78 78 38 8 8 12 12 8 8 8 12 12 8 8 8 12 12 8 8 8 12 12 8 8 8 12 12 8 8 8 12 12 8 8 22 102 102 22 8 8 4 
4 8 8 8 18 78 98 38 8 12 12 8 8 8 12 12 8 8 8 12 12 8 8 8 12 12 8 8 8 12 12 8 8 8 12 12 8 22 82 102 42 8 8 8 4 
4 8 8 8 12 18 98 98 38 12 12 8 8 8 12 12 8 8 8 12 12 8 8 8 12 12 8 8 8 12 12 8 8 8 12 12 22 82 82 42 12 8 8 8 4 
4 8 8 8 12 12 38 98 98 18 12 8 8 8 12 12 8 8 8 12 12 8 8 8 12 12 8 8 8 12 12 8 8 8 12 42 82 82 22 12 12 8 8 8 4 
4 8 8 8 12 12 8 38 128 78 12 8 8 8 12 12 8 8 8 12 12 8 8 8 12 12 8 8 8 12 12 8 8 8 12 102 112 22 8 12 12 8 8 8 4 
4 8 8 8 12 12 8 8 128 108 12 8 8 8 12 12 8 8 8 12 12 8 8 8 12 12 8 8 8 12 12 8 8 8 12 132 112 8 8 12 12 8 8 8 4 
4 8 8 8 12 12 8 8 128 108 12 8 8 8 12 12 8 8 8 12 12 8 8 8 12 12 8 8 8 12 12 8 8 8 12 132 112 8 8 12 12 8 8 8 4 
4 8 8 8 12 12 8 8 128 108 12 8 8 8 12 12 8 8 8 12 12 8 8 8 12 12 8 8 8 12 12 8 8 8 12 132 112 8 8 12 12 8 8 8 4 
4 8 8 8 12 12 8 8 128 108 12 8 8 8 12 12 8 8 8 12 12 8 8 8 12 12 8 8 8 12 12 8 8 8 12 132 112 8 8 12 12 8 8 8 4 
4 8 8 8 12 12 8 8 128 108 12 8 8 8 12 12 8 8 8 12 12 8 8 8 12 12 8 8 8 12 12 8 8 8 12 132 112 8 8 12 12 8 8 8 4 
4 8 8 8 12 12 8 8 98 78 12 8 8 8 12 18 38 8 8 12 12 8 8 8 12 12 8 8 22 42 12 8 8 8 12 102 82 8 8 12 12 8 8 8 4 
4 8 8 8 12 12 8 8 38 18 12 8 8 8 12 48 98 38 8 12 12 8 8 8 12 12 8 22 82 72 12 8 8 8 12 42 22 8 8 12 12 8 8 8 4 
4 8 8 8 12 12 8 8 8 12 12 8 8 8 12 18 98 98 38 12 12 8 8 8 12 12 22 82 82 42 12 8 8 8 12 12 8 8 8 12 12 8 8 8 4 
4 8 8 8 12 12 8 8 8 12 12 8 8 8 12 12 38 98 98 18 12 8 8 8 12 42 82 82 22 12 12 8 8 8 12 12 8 8 8 12 12 8 8 8 4 
4 8 8 8 12 12 8 8 8 12 12 8 8 8 12 12 8 38 98 78 18 8 8 8 42 102 82 22 8 12 12 8 8 8 12 12 8 8 8 12 12 8 8 8 4 
4 8 8 8 12 12 8 8 8 12 12 8 8 8 12 12 8 8 38 78 78 38 8 22 102 102 22 8 8 12 12 8 8 8 12 12 8 8 8 12 12 8 8 8 4 
4 8 8 8 12 12 8 8 8 12 12 8 8 8 12 12 8 8 8 18 78 98 8 82 102 42 8 8 8 12 12 8 8 8 12 12 8 8 8 12 12 8 8 8 4 
4 8 8 8 12 12 8 8 8 12 12 8 8 8 12 12 8 8 8 12 18 128 8 112 42 12 8 8 8 12 12 8 8 8 12 12 8 8 8 12 12 8 8 8 4 

SobelHorizontal: 
                                        30 60 60 60 30                                         
                                      29 88 91 64 92 90 30                                       
                                    30 90 90 30   30 90 90 30                                     
                                  30 90 91 32 1 4 2 30 90 90 30                                   
                                30 90 90 30           30 90 90 30                                 
                              30 90 90 30               30 90 90 30                               
                30 90 120 120 120 120 120 120 90 30                   30 90 120 120 120 120 120 120 90 30                 
                30 90 120 120 120 120 120 90 30                       30 90 120 120 120 120 120 90 30                 
                                                                                          
                                                                                          
                                                                                          
                                                                                          
                                                                                          
              30 60 30                                                   30 60 30               
            30 90 90 30                                                   30 90 90 30             
          30 90 90 30                                                       30 90 90 30           
        30 90 90 30                                                           30 90 90 30         
      30 90 90 30                                                               30 90 90 30       
    30 90 90 30                                                                   30 90 90 30     
  30 90 90 30                                                                       30 90 90 30   
30 90 90 30                                                                           30 90 90 30 
120 90 30                                                                               30 90 120 
                                                                                          
120 90 30                                                                               30 90 120 
30 90 90 30                                                                           30 90 90 30 
  30 90 90 30                                                                       30 90 90 30   
    30 90 90 30                                                                   30 90 90 30     
      30 90 90 30                                                               30 90 90 30       
        30 90 90 30                                                           30 90 90 30         
          30 90 90 30                                                       30 90 90 30           
            30 90 90 30                                                   30 90 90 30             
              30 60 30                                                   30 60 30               
                                                                                          
                                                                                          
                                                                                          
                                                                                          
                                                                                          
                30 90 120 120 120 120 120 90 30                       30 90 120 120 120 120 120 90 30                 
                30 90 120 120 120 120 120 120 90 30                   30 90 120 120 120 120 120 120 90 30                 
                              30 90 90 30               30 90 90 30                               
                                30 90 90 30           30 90 90 30                                 
                                  30 90 90 30       30 90 90 30                                   
                                    30 90 90 30   30 90 90 30                                     
                                      30 90 90 60 90 90 30                                       
                                        30 60 60 60 30                                         

SobelLeftDiag: 
1 2 2 2 3 3 2 2 2 3 3 2 2 2 3 3 2 2 2 3 3 62 62 2 57 3 2 2 2 3 3 2 2 2 3 3 2 2 2 3 3 2 2 2 1 
1 2 2 2 3 3 2 2 2 3 3 2 2 2 3 3 2 2 2 3 56 120 64 6 57 57 2 2 2 3 3 2 2 2 3 3 2 2 2 3 3 2 2 2 1 
1 2 2 2 3 3 2 2 2 3 3 2 2 2 3 3 2 2 2 56 117 65 2   3 57 62 2 2 3 3 2 2 2 3 3 2 2 2 3 3 2 2 2 1 
1 2 2 2 3 3 2 2 2 3 3 2 2 2 3 3 2 2 62 117 58 4   2 3 3 62 62 2 3 3 2 2 2 3 3 2 2 2 3 3 2 2 2 1 
1 2 2 2 3 3 2 2 2 3 3 2 2 2 3 3 2 62 122 57 3 2 2 2 3 3 2 62 62 3 3 2 2 2 3 3 2 2 2 3 3 2 2 2 1 
1 2 2 2 3 3 2 2 2 3 3 2 2 2 3 3 62 122 62 3 3 2 2 2 3 3 2 2 62 57 3 2 2 2 3 3 2 2 2 3 3 2 2 2 1 
1 2 2 2 3 3 2 2 2 27 87 92 92 92 87 117 122 62 2 3 3 2 2 2 3 3 2 2 2 57 87 92 92 92 87 87 62 2 2 3 3 2 2 2 1 
1 2 2 2 3 3 2 2 32 57 87 92 92 92 87 87 62 2 2 3 3 2 2 2 3 3 2 2 2 27 87 92 92 92 87 57 32 2 2 3 3 2 2 2 1 
1 2 2 2 3 3 2 2 32 27 3 2 2 2 3 3 2 2 2 3 3 2 2 2 3 3 2 2 2 3 3 2 2 2 3 33 28 2 2 3 3 2 2 2 1 
1 2 2 2 3 3 2 2 32 27 3 2 2 2 3 3 2 2 2 3 3 2 2 2 3 3 2 2 2 3 3 2 2 2 3 33 28 2 2 3 3 2 2 2 1 
1 2 2 2 3 3 2 2 32 27 3 2 2 2 3 3 2 2 2 3 3 2 2 2 3 3 2 2 2 3 3 2 2 2 3 33 28 2 2 3 3 2 2 2 1 
1 2 2 2 3 3 2 2 32 27 3 2 2 2 3 3 2 2 2 3 3 2 2 2 3 3 2 2 2 3 3 2 2 2 3 33 28 2 2 3 3 2 2 2 1 
1 2 2 2 3 3 2 2 32 27 3 2 2 2 3 3 2 2 2 3 3 2 2 2 3 3 2 2 2 3 3 2 2 2 3 33 28 2 2 3 3 2 2 2 1 
1 2 2 2 3 3 2 2 62 87 3 2 2 2 3 3 2 2 2 3 3 2 2 2 3 3 2 2 2 3 3 2 2 2 3 33 2 62 2 3 3 2 2 2 1 
1 2 2 2 3 3 2 62 122 57 3 2 2 2 3 3 2 2 2 3 3 2 2 2 3 3 2 2 2 3 3 2 2 2 3 3 2 62 62 3 3 2 2 2 1 
1 2 2 2 3 3 62 122 62 3 3 2 2 2 3 3 2 2 2 3 3 2 2 2 3 3 2 2 2 3 3 2 2 2 3 3 2 2 62 57 3 2 2 2 1 
1 2 2 2 3 57 122 62 2 3 3 2 2 2 3 3 2 2 2 3 3 2 2 2 3 3 2 2 2 3 3 2 2 2 3 3 2 2 2 57 57 2 2 2 1 
1 2 2 2 57 117 62 2 2 3 3 2 2 2 3 3 2 2 2 3 3 2 2 2 3 3 2 2 2 3 3 2 2 2 3 3 2 2 2 3 57 62 2 2 1 
1 2 2 62 117 57 2 2 2 3 3 2 2 2 3 3 2 2 2 3 3 2 2 2 3 3 2 2 2 3 3 2 2 2 3 3 2 2 2 3 3 62 62 2 1 
1 2 62 122 57 3 2 2 2 3 3 2 2 2 3 3 2 2 2 3 3 2 2 2 3 3 2 2 2 3 3 2 2 2 3 3 2 2 2 3 3 2 62 62 1 
1 62 122 62 3 3 2 2 2 3 3 2 2 2 3 3 2 2 2 3 3 2 2 2 3 3 2 2 2 3 3 2 2 2 3 3 2 2 2 3 3 2 2 62 61 
121 122 62 2 3 3 2 2 2 3 3 2 2 2 3 3 2 2 2 3 3 2 2 2 3 3 2 2 2 3 3 2 2 2 3 3 2 2 2 3 3 2 2 2 61 
1 2 2 2 3 3 2 2 2 3 3 2 2 2 3 3 2 2 2 3 3 2 2 2 3 3 2 2 2 3 3 2 2 2 3 3 2 2 2 3 3 2 2 2 1 
59 58 58 2 3 3 2 2 2 3 3 2 2 2 3 3 2 2 2 3 3 2 2 2 3 3 2 2 2 3 3 2 2 2 3 3 2 2 2 3 3 2 2 58 119 
1 2 58 58 3 3 2 2 2 3 3 2 2 2 3 3 2 2 2 3 3 2 2 2 3 3 2 2 2 3 3 2 2 2 3 3 2 2 2 3 3 2 58 118 59 
1 2 2 58 63 3 2 2 2 3 3 2 2 2 3 3 2 2 2 3 3 2 2 2 3 3 2 2 2 3 3 2 2 2 3 3 2 2 2 3 3 58 118 58 1 
1 2 2 2 63 63 2 2 2 3 3 2 2 2 3 3 2 2 2 3 3 2 2 2 3 3 2 2 2 3 3 2 2 2 3 3 2 2 2 3 63 118 58 2 1 
1 2 2 2 3 63 58 2 2 3 3 2 2 2 3 3 2 2 2 3 3 2 2 2 3 3 2 2 2 3 3 2 2 2 3 3 2 2 2 63 123 58 2 2 1 
1 2 2 2 3 3 58 58 2 3 3 2 2 2 3 3 2 2 2 3 3 2 2 2 3 3 2 2 2 3 3 2 2 2 3 3 2 2 58 123 63 2 2 2 1 
1 2 2 2 3 3 2 58 58 3 3 2 2 2 3 3 2 2 2 3 3 2 2 2 3 3 2 2 2 3 3 2 2 2 3 3 2 58 118 63 3 2 2 2 1 
1 2 2 2 3 3 2 2 58 63 3 2 2 2 3 3 2 2 2 3 3 2 2 2 3 3 2 2 2 3 3 2 2 2 3 3 58 118 58 3 3 2 2 2 1 
1 2 2 2 3 3 2 2 2 33 3 2 2 2 3 3 2 2 2 3 3 2 2 2 3 3 2 2 2 3 3 2 2 2 3 33 58 58 2 3 3 2 2 2 1 
1 2 2 2 3 3 2 2 32 27 3 2 2 2 3 3 2 2 2 3 3 2 2 2 3 3 2 2 2 3 3 2 2 2 3 33 28 2 2 3 3 2 2 2 1 
1 2 2 2 3 3 2 2 32 27 3 2 2 2 3 3 2 2 2 3 3 2 2 2 3 3 2 2 2 3 3 2 2 2 3 33 28 2 2 3 3 2 2 2 1 
1 2 2 2 3 3 2 2 32 27 3 2 2 2 3 3 2 2 2 3 3 2 2 2 3 3 2 2 2 3 3 2 2 2 3 33 28 2 2 3 3 2 2 2 1 
1 2 2 2 3 3 2 2 32 27 3 2 2 2 3 3 2 2 2 3 3 2 2 2 3 3 2 2 2 3 3 2 2 2 3 33 28 2 2 3 3 2 2 2 1 
1 2 2 2 3 3 2 2 32 27 3 2 2 2 3 3 2 2 2 3 3 2 2 2 3 3 2 2 2 3 3 2 2 2 3 33 28 2 2 3 3 2 2 2 1 
1 2 2 2 3 3 2 2 32 3 93 88 88 88 93 93 58 2 2 3 3 2 2 2 3 3 2 2 2 33 93 88 88 88 93 123 88 2 2 3 3 2 2 2 1 
1 2 2 2 3 3 2 2 2 33 93 88 88 88 93 63 58 58 2 3 3 2 2 2 3 3 2 2 58 123 93 88 88 88 93 93 58 2 2 3 3 2 2 2 1 
1 2 2 2 3 3 2 2 2 3 3 2 2 2 3 3 2 58 58 3 3 2 2 2 3 3 2 58 118 63 3 2 2 2 3 3 2 2 2 3 3 2 2 2 1 
1 2 2 2 3 3 2 2 2 3 3 2 2 2 3 3 2 2 58 63 3 2 2 2 3 3 58 118 58 3 3 2 2 2 3 3 2 2 2 3 3 2 2 2 1 
1 2 2 2 3 3 2 2 2 3 3 2 2 2 3 3 2 2 2 63 63 2 2 2 3 63 118 58 2 3 3 2 2 2 3 3 2 2 2 3 3 2 2 2 1 
1 2 2 2 3 3 2 2 2 3 3 2 2 2 3 3 2 2 2 3 63 58 2 2 63 123 58 2 2 3 3 2 2 2 3 3 2 2 2 3 3 2 2 2 1 
1 2 2 2 3 3 2 2 2 3 3 2 2 2 3 3 2 2 2 3 3 58 58 58 123 63 2 2 2 3 3 2 2 2 3 3 2 2 2 3 3 2 2 2 1 
1 2 2 2 3 3 2 2 2 3 3 2 2 2 3 3 2 2 2 3 3 2 58 58 63 3 2 2 2 3 3 2 2 2 3 3 2 2 2 3 3 2 2 2 1 

SobelRightDiag: 
1 2 2 2 3 3 2 2 2 3 3 2 2 2 3 3 2 2 2 3 63 2 58 58 3 3 2 2 2 3 3 2 2 2 3 3 2 2 2 3 3 2 2 2 1 
1 2 2 2 3 3 2 2 2 3 3 2 2 2 3 3 2 2 2 61 62 2 60 118 63 3 2 2 2 3 3 2 2 2 3 3 2 2 2 3 3 2 2 2 1 
1 2 2 2 3 3 2 2 2 3 3 2 2 2 3 3 2 2 58 64 3 5 2 60 123 63 2 2 2 3 3 2 2 2 3 3 2 2 2 3 3 2 2 2 1 
1 2 2 2 3 3 2 2 2 3 3 2 2 2 3 3 2 58 58 5 4 6 4 2 63 123 58 2 2 3 3 2 2 2 3 3 2 2 2 3 3 2 2 2 1 
1 2 2 2 3 3 2 2 2 3 3 2 2 2 3 3 58 58 2 3 3 2 2 2 3 63 118 58 2 3 3 2 2 2 3 3 2 2 2 3 3 2 2 2 1 
1 2 2 2 3 3 2 2 2 3 3 2 2 2 3 63 58 2 2 3 3 2 2 2 3 3 58 118 58 3 3 2 2 2 3 3 2 2 2 3 3 2 2 2 1 
1 2 2 2 3 3 2 2 58 93 93 88 88 88 93 63 2 2 2 3 3 2 2 2 3 3 2 58 118 123 93 88 88 88 93 33 2 2 2 3 3 2 2 2 1 
1 2 2 2 3 3 2 2 28 63 93 88 88 88 93 33 2 2 2 3 3 2 2 2 3 3 2 2 58 93 93 88 88 88 93 63 28 2 2 3 3 2 2 2 1 
1 2 2 2 3 3 2 2 32 27 3 2 2 2 3 3 2 2 2 3 3 2 2 2 3 3 2 2 2 3 3 2 2 2 3 33 28 2 2 3 3 2 2 2 1 
1 2 2 2 3 3 2 2 32 27 3 2 2 2 3 3 2 2 2 3 3 2 2 2 3 3 2 2 2 3 3 2 2 2 3 33 28 2 2 3 3 2 2 2 1 
1 2 2 2 3 3 2 2 32 27 3 2 2 2 3 3 2 2 2 3 3 2 2 2 3 3 2 2 2 3 3 2 2 2 3 33 28 2 2 3 3 2 2 2 1 
1 2 2 2 3 3 2 2 32 27 3 2 2 2 3 3 2 2 2 3 3 2 2 2 3 3 2 2 2 3 3 2 2 2 3 33 28 2 2 3 3 2 2 2 1 
1 2 2 2 3 3 2 2 32 27 3 2 2 2 3 3 2 2 2 3 3 2 2 2 3 3 2 2 2 3 3 2 2 2 3 33 28 2 2 3 3 2 2 2 1 
1 2 2 2 3 3 2 58 2 27 3 2 2 2 3 3 2 2 2 3 3 2 2 2 3 3 2 2 2 3 3 2 2 2 3 93 58 2 2 3 3 2 2 2 1 
1 2 2 2 3 3 58 58 2 3 3 2 2 2 3 3 2 2 2 3 3 2 2 2 3 3 2 2 2 3 3 2 2 2 3 63 118 58 2 3 3 2 2 2 1 
1 2 2 2 3 63 58 2 2 3 3 2 2 2 3 3 2 2 2 3 3 2 2 2 3 3 2 2 2 3 3 2 2 2 3 3 58 118 58 3 3 2 2 2 1 
1 2 2 2 63 63 2 2 2 3 3 2 2 2 3 3 2 2 2 3 3 2 2 2 3 3 2 2 2 3 3 2 2 2 3 3 2 58 118 63 3 2 2 2 1 
1 2 2 58 63 3 2 2 2 3 3 2 2 2 3 3 2 2 2 3 3 2 2 2 3 3 2 2 2 3 3 2 2 2 3 3 2 2 58 123 63 2 2 2 1 
1 2 58 58 3 3 2 2 2 3 3 2 2 2 3 3 2 2 2 3 3 2 2 2 3 3 2 2 2 3 3 2 2 2 3 3 2 2 2 63 123 58 2 2 1 
1 58 58 2 3 3 2 2 2 3 3 2 2 2 3 3 2 2 2 3 3 2 2 2 3 3 2 2 2 3 3 2 2 2 3 3 2 2 2 3 63 118 58 2 1 
59 58 2 2 3 3 2 2 2 3 3 2 2 2 3 3 2 2 2 3 3 2 2 2 3 3 2 2 2 3 3 2 2 2 3 3 2 2 2 3 3 58 118 58 1 
59 2 2 2 3 3 2 2 2 3 3 2 2 2 3 3 2 2 2 3 3 2 2 2 3 3 2 2 2 3 3 2 2 2 3 3 2 2 2 3 3 2 58 118 119 
1 2 2 2 3 3 2 2 2 3 3 2 2 2 3 3 2 2 2 3 3 2 2 2 3 3 2 2 2 3 3 2 2 2 3 3 2 2 2 3 3 2 2 2 1 
121 62 2 2 3 3 2 2 2 3 3 2 2 2 3 3 2 2 2 3 3 2 2 2 3 3 2 2 2 3 3 2 2 2 3 3 2 2 2 3 3 2 62 62 61 
61 122 62 2 3 3 2 2 2 3 3 2 2 2 3 3 2 2 2 3 3 2 2 2 3 3 2 2 2 3 3 2 2 2 3 3 2 2 2 3 3 62 62 2 1 
1 62 122 62 3 3 2 2 2 3 3 2 2 2 3 3 2 2 2 3 3 2 2 2 3 3 2 2 2 3 3 2 2 2 3 3 2 2 2 3 57 62 2 2 1 
1 2 62 122 57 3 2 2 2 3 3 2 2 2 3 3 2 2 2 3 3 2 2 2 3 3 2 2 2 3 3 2 2 2 3 3 2 2 2 57 57 2 2 2 1 
1 2 2 62 117 57 2 2 2 3 3 2 2 2 3 3 2 2 2 3 3 2 2 2 3 3 2 2 2 3 3 2 2 2 3 3 2 2 62 57 3 2 2 2 1 
1 2 2 2 57 117 62 2 2 3 3 2 2 2 3 3 2 2 2 3 3 2 2 2 3 3 2 2 2 3 3 2 2 2 3 3 2 62 62 3 3 2 2 2 1 
1 2 2 2 3 57 122 62 2 3 3 2 2 2 3 3 2 2 2 3 3 2 2 2 3 3 2 2 2 3 3 2 2 2 3 3 62 62 2 3 3 2 2 2 1 
1 2 2 2 3 3 62 122 62 3 3 2 2 2 3 3 2 2 2 3 3 2 2 2 3 3 2 2 2 3 3 2 2 2 3 57 62 2 2 3 3 2 2 2 1 
1 2 2 2 3 3 2 62 62 27 3 2 2 2 3 3 2 2 2 3 3 2 2 2 3 3 2 2 2 3 3 2 2 2 3 27 2 2 2 3 3 2 2 2 1 
1 2 2 2 3 3 2 2 32 27 3 2 2 2 3 3 2 2 2 3 3 2 2 2 3 3 2 2 2 3 3 2 2 2 3 33 28 2 2 3 3 2 2 2 1 
1 2 2 2 3 3 2 2 32 27 3 2 2 2 3 3 2 2 2 3 3 2 2 2 3 3 2 2 2 3 3 2 2 2 3 33 28 2 2 3 3 2 2 2 1 
1 2 2 2 3 3 2 2 32 27 3 2 2 2 3 3 2 2 2 3 3 2 2 2 3 3 2 2 2 3 3 2 2 2 3 33 28 2 2 3 3 2 2 2 1 
1 2 2 2 3 3 2 2 32 27 3 2 2 2 3 3 2 2 2 3 3 2 2 2 3 3 2 2 2 3 3 2 2 2 3 33 28 2 2 3 3 2 2 2 1 
1 2 2 2 3 3 2 2 32 27 3 2 2 2 3 3 2 2 2 3 3 2 2 2 3 3 2 2 2 3 3 2 2 2 3 33 28 2 2 3 3 2 2 2 1 
1 2 2 2 3 3 2 2 92 117 87 92 92 92 87 27 2 2 2 3 3 2 2 2 3 3 2 2 62 87 87 92 92 92 87 3 28 2 2 3 3 2 2 2 1 
1 2 2 2 3 3 2 2 62 87 87 92 92 92 87 117 62 2 2 3 3 2 2 2 3 3 2 62 62 57 87 92 92 92 87 27 2 2 2 3 3 2 2 2 1 
1 2 2 2 3 3 2 2 2 3 3 2 2 2 3 57 122 62 2 3 3 2 2 2 3 3 62 62 2 3 3 2 2 2 3 3 2 2 2 3 3 2 2 2 1 
1 2 2 2 3 3 2 2 2 3 3 2 2 2 3 3 62 122 62 3 3 2 2 2 3 57 62 2 2 3 3 2 2 2 3 3 2 2 2 3 3 2 2 2 1 
1 2 2 2 3 3 2 2 2 3 3 2 2 2 3 3 2 62 122 57 3 2 2 2 57 57 2 2 2 3 3 2 2 2 3 3 2 2 2 3 3 2 2 2 1 
1 2 2 2 3 3 2 2 2 3 3 2 2 2 3 3 2 2 62 117 57 2 2 62 57 3 2 2 2 3 3 2 2 2 3 3 2 2 2 3 3 2 2 2 1 
1 2 2 2 3 3 2 2 2 3 3 2 2 2 3 3 2 2 2 57 117 62 62 62 3 3 2 2 2 3 3 2 2 2 3 3 2 2 2 3 3 2 2 2 1 
1 2 2 2 3 3 2 2 2 3 3 2 2 2 3 3 2 2 2 3 57 62 62 2 3 3 2 2 2 3 3 2 2 2 3 3 2 2 2 3 3 2 2 2 1 

GradiantEdge: 
1 1 1 1 4 1 1 1 1 4 1 1 1 1 4 1 1 1 1 4 1 43 29 30 4 1 1 1 1 4 1 1 1 1 4 1 1 1 1 4 1 1 1 1   
1 1 1 1 4 1 1 1 1 4 1 1 1 1 4 1 1 1 1 4 42 1 2 29 30 1 1 1 1 4 1 1 1 1 4 1 1 1 1 4 1 1 1 1   
1 1 1 1 4 1 1 1 1 4 1 1 1 1 4 1 1 1 1 39 2 3 2 1 34 30 1 1 1 4 1 1 1 1 4 1 1 1 1 4 1 1 1 1   
1 1 1 1 4 1 1 1 1 4 1 1 1 1 4 1 1 1 43 4 1 1 1 1 4 29 30 1 1 4 1 1 1 1 4 1 1 1 1 4 1 1 1 1   
1 1 1 1 4 1 1 1 1 4 1 1 1 1 4 1 1 43 1 4 1 1 1 1 4 1 29 30 1 4 1 1 1 1 4 1 1 1 1 4 1 1 1 1   
1 1 1 1 4 1 1 1 1 4 1 1 1 1 4 1 43 1 1 4 1 1 1 1 4 1 1 29 30 4 1 1 1 1 4 1 1 1 1 4 1 1 1 1   
1 1 1 1 4 1 1 1 1 30 30 30 30 30 30 43 1 1 1 4 1 1 1 1 4 1 1 1 29 30 30 30 30 30 30 30 1 1 1 4 1 1 1 1   
1 1 1 1 4 1 1 1 31 4 1 1 1 1 4 1 1 1 1 4 1 1 1 1 4 1 1 1 1 4 1 1 1 1 4 29 1 1 1 4 1 1 1 1   
1 1 1 1 4 1 1 1 31 4 1 1 1 1 4 1 1 1 1 4 1 1 1 1 4 1 1 1 1 4 1 1 1 1 4 29 1 1 1 4 1 1 1 1   
1 1 1 1 4 1 1 1 31 4 1 1 1 1 4 1 1 1 1 4 1 1 1 1 4 1 1 1 1 4 1 1 1 1 4 29 1 1 1 4 1 1 1 1   
1 1 1 1 4 1 1 1 31 4 1 1 1 1 4 1 1 1 1 4 1 1 1 1 4 1 1 1 1 4 1 1 1 1 4 29 1 1 1 4 1 1 1 1   
1 1 1 1 4 1 1 1 31 4 1 1 1 1 4 1 1 1 1 4 1 1 1 1 4 1 1 1 1 4 1 1 1 1 4 29 1 1 1 4 1 1 1 1   
1 1 1 1 4 1 1 1 31 4 1 1 1 1 4 1 1 1 1 4 1 1 1 1 4 1 1 1 1 4 1 1 1 1 4 29 1 1 1 4 1 1 1 1   
1 1 1 1 4 1 1 1 43 4 1 1 1 1 4 1 1 1 1 4 1 1 1 1 4 1 1 1 1 4 1 1 1 1 4 29 30 1 1 4 1 1 1 1   
1 1 1 1 4 1 1 43 1 4 1 1 1 1 4 1 1 1 1 4 1 1 1 1 4 1 1 1 1 4 1 1 1 1 4 1 29 30 1 4 1 1 1 1   
1 1 1 1 4 1 43 1 1 4 1 1 1 1 4 1 1 1 1 4 1 1 1 1 4 1 1 1 1 4 1 1 1 1 4 1 1 29 30 4 1 1 1 1   
1 1 1 1 4 43 1 1 1 4 1 1 1 1 4 1 1 1 1 4 1 1 1 1 4 1 1 1 1 4 1 1 1 1 4 1 1 1 29 30 1 1 1 1   
1 1 1 1 39 1 1 1 1 4 1 1 1 1 4 1 1 1 1 4 1 1 1 1 4 1 1 1 1 4 1 1 1 1 4 1 1 1 1 34 30 1 1 1   
1 1 1 43 4 1 1 1 1 4 1 1 1 1 4 1 1 1 1 4 1 1 1 1 4 1 1 1 1 4 1 1 1 1 4 1 1 1 1 4 29 30 1 1   
1 1 43 1 4 1 1 1 1 4 1 1 1 1 4 1 1 1 1 4 1 1 1 1 4 1 1 1 1 4 1 1 1 1 4 1 1 1 1 4 1 29 30 1   
1 43 1 1 4 1 1 1 1 4 1 1 1 1 4 1 1 1 1 4 1 1 1 1 4 1 1 1 1 4 1 1 1 1 4 1 1 1 1 4 1 1 29 30   
43 1 1 1 4 1 1 1 1 4 1 1 1 1 4 1 1 1 1 4 1 1 1 1 4 1 1 1 1 4 1 1 1 1 4 1 1 1 1 4 1 1 1 29 30 
30 1 1 1 4 1 1 1 1 4 1 1 1 1 4 1 1 1 1 4 1 1 1 1 4 1 1 1 1 4 1 1 1 1 4 1 1 1 1 4 1 1 1 1 30 
31 30 1 1 4 1 1 1 1 4 1 1 1 1 4 1 1 1 1 4 1 1 1 1 4 1 1 1 1 4 1 1 1 1 4 1 1 1 1 4 1 1 1 41   
1 31 30 1 4 1 1 1 1 4 1 1 1 1 4 1 1 1 1 4 1 1 1 1 4 1 1 1 1 4 1 1 1 1 4 1 1 1 1 4 1 1 41 1   
1 1 31 30 4 1 1 1 1 4 1 1 1 1 4 1 1 1 1 4 1 1 1 1 4 1 1 1 1 4 1 1 1 1 4 1 1 1 1 4 1 41 1 1   
1 1 1 31 30 1 1 1 1 4 1 1 1 1 4 1 1 1 1 4 1 1 1 1 4 1 1 1 1 4 1 1 1 1 4 1 1 1 1 4 41 1 1 1   
1 1 1 1 26 30 1 1 1 4 1 1 1 1 4 1 1 1 1 4 1 1 1 1 4 1 1 1 1 4 1 1 1 1 4 1 1 1 1 45 1 1 1 1   
1 1 1 1 4 31 30 1 1 4 1 1 1 1 4 1 1 1 1 4 1 1 1 1 4 1 1 1 1 4 1 1 1 1 4 1 1 1 41 4 1 1 1 1   
1 1 1 1 4 1 31 30 1 4 1 1 1 1 4 1 1 1 1 4 1 1 1 1 4 1 1 1 1 4 1 1 1 1 4 1 1 41 1 4 1 1 1 1   
1 1 1 1 4 1 1 31 30 4 1 1 1 1 4 1 1 1 1 4 1 1 1 1 4 1 1 1 1 4 1 1 1 1 4 1 41 1 1 4 1 1 1 1   
1 1 1 1 4 1 1 1 31 4 1 1 1 1 4 1 1 1 1 4 1 1 1 1 4 1 1 1 1 4 1 1 1 1 4 29 1 1 1 4 1 1 1 1   
1 1 1 1 4 1 1 1 31 4 1 1 1 1 4 1 1 1 1 4 1 1 1 1 4 1 1 1 1 4 1 1 1 1 4 29 1 1 1 4 1 1 1 1   
1 1 1 1 4 1 1 1 31 4 1 1 1 1 4 1 1 1 1 4 1 1 1 1 4 1 1 1 1 4 1 1 1 1 4 29 1 1 1 4 1 1 1 1   
1 1 1 1 4 1 1 1 31 4 1 1 1 1 4 1 1 1 1 4 1 1 1 1 4 1 1 1 1 4 1 1 1 1 4 29 1 1 1 4 1 1 1 1   
1 1 1 1 4 1 1 1 31 4 1 1 1 1 4 1 1 1 1 4 1 1 1 1 4 1 1 1 1 4 1 1 1 1 4 29 1 1 1 4 1 1 1 1   
1 1 1 1 4 1 1 1 31 4 1 1 1 1 4 1 1 1 1 4 1 1 1 1 4 1 1 1 1 4 1 1 1 1 4 29 1 1 1 4 1 1 1 1   
1 1 1 1 4 1 1 1 31 30 30 30 30 30 30 30 1 1 1 4 1 1 1 1 4 1 1 1 1 30 30 30 30 30 30 41 1 1 1 4 1 1 1 1   
1 1 1 1 4 1 1 1 1 4 1 1 1 1 4 31 30 1 1 4 1 1 1 1 4 1 1 1 41 4 1 1 1 1 4 1 1 1 1 4 1 1 1 1   
1 1 1 1 4 1 1 1 1 4 1 1 1 1 4 1 31 30 1 4 1 1 1 1 4 1 1 41 1 4 1 1 1 1 4 1 1 1 1 4 1 1 1 1   
1 1 1 1 4 1 1 1 1 4 1 1 1 1 4 1 1 31 30 4 1 1 1 1 4 1 41 1 1 4 1 1 1 1 4 1 1 1 1 4 1 1 1 1   
1 1 1 1 4 1 1 1 1 4 1 1 1 1 4 1 1 1 31 30 1 1 1 1 4 41 1 1 1 4 1 1 1 1 4 1 1 1 1 4 1 1 1 1   
1 1 1 1 4 1 1 1 1 4 1 1 1 1 4 1 1 1 1 26 30 1 1 1 45 1 1 1 1 4 1 1 1 1 4 1 1 1 1 4 1 1 1 1   
1 1 1 1 4 1 1 1 1 4 1 1 1 1 4 1 1 1 1 4 31 30 1 41 4 1 1 1 1 4 1 1 1 1 4 1 1 1 1 4 1 1 1 1   
1 1 1 1 4 1 1 1 1 4 1 1 1 1 4 1 1 1 1 4 1 31 29 1 4 1 1 1 1 4 1 1 1 1 4 1 1 1 1 4 1 1 1 1   
