0 0
1 0
2 0
3 0
4 0
5 0
6 0
7 0
8 0
9 0
10 0
11 0
12 0
6 6 0 0
7 6 0 0
8 6 0 0
9 6 0 0
10 6 0 0
11 6 0 0
12 6 0 0
13 6 0 0
14 6 0 0
15 6 0 0
16 6 0 0
17 6 0 0
18 6 1 0
0 0
1 0
2 0
3 0
4 0
5 0
6 0
7 0
8 0
9 0
10 0
11 0
12 0
7 6 0 0
8 6 0 0
9 6 0 0
10 6 0 0
11 6 0 0
12 6 0 0
13 6 0 0
14 6 0 0
15 6 0 0
16 6 0 0
17 6 0 0
18 6 1 0
19 6 1 0
0 0
1 0
2 0
3 0
4 0
5 0
6 0
7 0
8 0
9 0
10 0
11 0
12 0
8 6 0 0
9 6 0 0
10 6 0 0
11 6 0 0
12 6 0 0
13 6 0 0
14 6 0 0
15 6 0 0
16 6 0 0
17 6 0 0
18 6 1 0
19 6 1 0
20 6 1 0
0 0
1 0
2 0
3 0
4 0
5 0
6 0
7 0
8 0
9 0
10 0
11 0
12 0
9 6 0 0
10 6 0 0
11 6 0 0
12 6 0 0
13 6 0 0
14 6 0 0
15 6 0 0
16 6 0 0
17 6 0 0
18 6 1 0
19 6 1 0
20 6 1 0
21 6 1 0
0 0
1 0
2 0
3 0
4 0
5 0
6 0
7 0
8 0
9 0
10 0
11 0
12 0
10 6 0 0
11 6 0 0
12 6 0 0
13 6 0 0
14 6 0 0
15 6 0 0
16 6 0 0
17 6 0 0
18 6 1 0
19 6 1 0
20 6 1 0
21 6 1 0
22 6 1 0
0 0
1 0
2 0
3 0
4 0
5 0
6 0
7 0
8 0
9 0
10 0
11 0
12 0
11 6 0 0
12 6 0 0
13 6 0 0
14 6 0 0
15 6 0 0
16 6 0 0
17 6 0 0
18 6 1 0
19 6 1 0
20 6 1 0
21 6 1 0
22 6 1 0
23 6 1 0
0 0
1 0
2 0
3 0
4 0
5 0
6 0
7 0
8 0
9 0
10 0
11 0
12 0
12 6 0 0
13 6 0 0
14 6 0 0
15 6 0 0
16 6 0 0
17 6 0 0
18 6 1 0
19 6 1 0
20 6 1 0
21 6 1 0
22 6 1 0
23 6 1 0
24 6 1 0
0 0
1 0
2 0
3 0
4 0
5 0
6 0
7 0
8 0
9 0
10 0
11 0
12 0
13 6 0 0
14 6 0 0
15 6 0 0
16 6 0 0
17 6 0 0
18 6 1 0
19 6 1 0
20 6 1 0
21 6 1 0
22 6 1 0
23 6 1 0
24 6 1 0
25 6 1 0
0 0
1 0.0905357
2 0.181071
3 0.271607
4 0.362143
5 0.452679
6 0.543214
7 0.63375
8 0.724286
9 0.814822
10 0.905357
11 0.995893
12 0
14 6 0 0
15 6 0 0
16 6 0 0
17 6 0 0
18 6 1 0
19 6 1 0
20 6 1 0
21 6 1 0
22 6 1 0
23 6 1 0
24 6 1 0
25 6 2 0.995893
25 7 0 0
0 0
1 0.196116
2 0.392232
3 0.588348
4 0.784465
5 0.980581
6 1.1767
7 1.37281
8 1.56893
9 1.76505
10 1.96116
11 0.980581
12 0
15 6 0 0
16 6 0 0
17 6 0 0
18 6 1 0
19 6 1 0
20 6 1 0
21 6 1 0
22 6 1 0
23 6 1 0
24 6 1 0
25 6 3 1.96116
25 7 0 0
25 8 0 0
0 0
1 0.316228
2 0.632456
3 0.948683
4 1.26491
5 1.58114
6 1.89737
7 2.21359
8 2.52982
9 2.84605
10 1.89737
11 0.948683
12 0
16 6 0 0
17 6 0 0
18 6 1 0
19 6 1 0
20 6 1 0
21 6 1 0
22 6 1 0
23 6 1 0
24 6 1 0
25 6 4 2.84605
25 7 0 0
25 8 0 0
25 9 0 0
0 0
1 0.447214
2 0.894427
3 1.34164
4 1.78885
5 2.23607
6 2.68328
7 3.1305
8 3.57771
9 2.68328
10 1.78885
11 0.894427
12 0
17 6 0 0
18 6 1 0
19 6 1 0
20 6 1 0
21 6 1 0
22 6 1 0
23 6 1 0
24 6 1 0
25 6 5 3.57771
25 7 0 0
25 8 0 0
25 9 0 0
25 10 0 0
0 0
1 0.581238
2 1.16248
3 1.74371
4 2.32495
5 2.90619
6 3.48743
7 4.06867
8 3.25493
9 2.4412
10 1.62747
11 0.813733
12 0
18 6 1 0
19 6 1 0
20 6 1 0
21 6 1 0
22 6 1 0
23 6 1 0
24 6 1 0
25 6 6 4.06867
25 7 0 0
25 8 0 0
25 9 0 0
25 10 0 0
25 11 0 0
0 0
1 0.707107
2 1.41421
3 2.12132
4 2.82843
5 3.53553
6 4.24264
7 3.53553
8 2.82843
9 2.12132
10 1.41421
11 0.707107
12 0
19 6 1 0
20 6 1 0
21 6 1 0
22 6 1 0
23 6 1 0
24 6 1 0
25 6 7 4.24264
25 7 0 0
25 8 0 0
25 9 0 0
25 10 0 0
25 11 0 0
25 12 0 0
0 0
1 0.813733
2 1.62747
3 2.4412
4 3.25493
5 4.06867
6 3.48743
7 2.90619
8 2.32495
9 1.74371
10 1.16248
11 0.581238
12 0
20 6 1 0
21 6 1 0
22 6 1 0
23 6 1 0
24 6 1 0
25 6 8 4.24264
25 7 0 0
25 8 0 0
25 9 0 0
25 10 0 0
25 11 0 0
25 12 0 0
25 13 0 0
0 0
1 0.894427
2 1.78885
3 2.68328
4 3.57771
5 3.1305
6 2.68328
7 2.23607
8 1.78885
9 1.34164
10 0.894427
11 0.447214
12 0
21 6 1 0
22 6 1 0
23 6 1 0
24 6 1 0
25 6 9 4.24264
25 7 0 0
25 8 0 0
25 9 0 0
25 10 0 0
25 11 0 0
25 12 0 0
25 13 0 0
25 14 0 0
0 0
1 0.948683
2 1.89737
3 2.84605
4 2.52982
5 2.21359
6 1.89737
7 1.58114
8 1.26491
9 0.948683
10 0.632456
11 0.316228
12 0
22 6 1 0
23 6 1 0
24 6 1 0
25 6 10 4.24264
25 7 0 0
25 8 0 0
25 9 0 0
25 10 0 0
25 11 0 0
25 12 0 0
25 13 0 0
25 14 0 0
25 15 0 0
0 0
1 0.980581
2 1.96116
3 1.76505
4 1.56893
5 1.37281
6 1.1767
7 0.980581
8 0.784465
9 0.588348
10 0.392232
11 0.196116
12 0
23 6 1 0
24 6 1 0
25 6 11 4.24264
25 7 0 0
25 8 0 0
25 9 0 0
25 10 0 0
25 11 0 0
25 12 0 0
25 13 0 0
25 14 0 0
25 15 0 0
25 16 0 0
0 0
1 0.995893
2 0.905357
3 0.814822
4 0.724286
5 0.63375
6 0.543214
7 0.452679
8 0.362143
9 0.271607
10 0.181071
11 0.0905357
12 0
24 6 1 0
25 6 12 4.24264
25 7 0 0
25 8 0 0
25 9 0 0
25 10 0 0
25 11 0 0
25 12 0 0
25 13 0 0
25 14 0 0
25 15 0 0
25 16 0 0
25 17 0 0
0 0
1 0
2 0
3 0
4 0
5 0
6 0
7 0
8 0
9 0
10 0
11 0
12 0
25 6 12 4.24264
25 7 0 0
25 8 0 0
25 9 0 0
25 10 0 0
25 11 0 0
25 12 0 0
25 13 0 0
25 14 0 0
25 15 0 0
25 16 0 0
25 17 0 0
25 18 1 0
0 0
1 0
2 0
3 0
4 0
5 0
6 0
7 0
8 0
9 0
10 0
11 0
12 0
25 7 0 0
25 8 0 0
25 9 0 0
25 10 0 0
25 11 0 0
25 12 0 0
25 13 0 0
25 14 0 0
25 15 0 0
25 16 0 0
25 17 0 0
25 18 1 0
25 19 1 0
0 0
1 0
2 0
3 0
4 0
5 0
6 0
7 0
8 0
9 0
10 0
11 0
12 0
25 8 0 0
25 9 0 0
25 10 0 0
25 11 0 0
25 12 0 0
25 13 0 0
25 14 0 0
25 15 0 0
25 16 0 0
25 17 0 0
25 18 1 0
25 19 1 0
25 20 1 0
0 0
1 0
2 0
3 0
4 0
5 0
6 0
7 0
8 0
9 0
10 0
11 0
12 0
25 9 0 0
25 10 0 0
25 11 0 0
25 12 0 0
25 13 0 0
25 14 0 0
25 15 0 0
25 16 0 0
25 17 0 0
25 18 1 0
25 19 1 0
25 20 1 0
25 21 1 0
0 0
1 0
2 0
3 0
4 0
5 0
6 0
7 0
8 0
9 0
10 0
11 0
12 0
25 10 0 0
25 11 0 0
25 12 0 0
25 13 0 0
25 14 0 0
25 15 0 0
25 16 0 0
25 17 0 0
25 18 1 0
25 19 1 0
25 20 1 0
25 21 1 0
25 22 1 0
0 0
1 0
2 0
3 0
4 0
5 0
6 0
7 0
8 0
9 0
10 0
11 0
12 0
25 11 0 0
25 12 0 0
25 13 0 0
25 14 0 0
25 15 0 0
25 16 0 0
25 17 0 0
25 18 1 0
25 19 1 0
25 20 1 0
25 21 1 0
25 22 1 0
25 23 1 0
0 0
1 0
2 0
3 0
4 0
5 0
6 0
7 0
8 0
9 0
10 0
11 0
12 0
25 12 0 0
25 13 0 0
25 14 0 0
25 15 0 0
25 16 0 0
25 17 0 0
25 18 1 0
25 19 1 0
25 20 1 0
25 21 1 0
25 22 1 0
25 23 1 0
25 24 1 0
0 0
1 0
2 0
3 0
4 0
5 0
6 0
7 0
8 0
9 0
10 0
11 0
12 0
25 13 0 0
25 14 0 0
25 15 0 0
25 16 0 0
25 17 0 0
25 18 1 0
25 19 1 0
25 20 1 0
25 21 1 0
25 22 1 0
25 23 1 0
25 24 1 0
25 25 1 0
0 0
1 0
2 0
3 0
4 0
5 0
6 0
7 0
8 0
9 0
10 0
11 0
12 0
25 14 0 0
25 15 0 0
25 16 0 0
25 17 0 0
25 18 1 0
25 19 1 0
25 20 1 0
25 21 1 0
25 22 1 0
25 23 1 0
25 24 1 0
25 25 1 0
25 26 1 0
0 0
1 0
2 0
3 0
4 0
5 0
6 0
7 0
8 0
9 0
10 0
11 0
12 0
25 15 0 0
25 16 0 0
25 17 0 0
25 18 1 0
25 19 1 0
25 20 1 0
25 21 1 0
25 22 1 0
25 23 1 0
25 24 1 0
25 25 1 0
25 26 1 0
25 27 1 0
0 0
1 0
2 0
3 0
4 0
5 0
6 0
7 0
8 0
9 0
10 0
11 0
12 0
25 16 0 0
25 17 0 0
25 18 1 0
25 19 1 0
25 20 1 0
25 21 1 0
25 22 1 0
25 23 1 0
25 24 1 0
25 25 1 0
25 26 1 0
25 27 1 0
25 28 1 0
0 0
1 0
2 0
3 0
4 0
5 0
6 0
7 0
8 0
9 0
10 0
11 0
12 0
25 17 0 0
25 18 1 0
25 19 1 0
25 20 1 0
25 21 1 0
25 22 1 0
25 23 1 0
25 24 1 0
25 25 1 0
25 26 1 0
25 27 1 0
25 28 1 0
25 29 1 0
0 0
1 0
2 0
3 0
4 0
5 0
6 0
7 0
8 0
9 0
10 0
11 0
12 0
25 18 1 0
25 19 1 0
25 20 1 0
25 21 1 0
25 22 1 0
25 23 1 0
25 24 1 0
25 25 1 0
25 26 1 0
25 27 1 0
25 28 1 0
25 29 1 0
25 30 1 0
0 0
1 0
2 0
3 0
4 0
5 0
6 0
7 0
8 0
9 0
10 0
11 0
12 0
25 19 1 0
25 20 1 0
25 21 1 0
25 22 1 0
25 23 1 0
25 24 1 0
25 25 1 0
25 26 1 0
25 27 1 0
25 28 1 0
25 29 1 0
25 30 1 0
25 31 1 0
0 0
1 0
2 0
3 0
4 0
5 0
6 0
7 0
8 0
9 0
10 0
11 0
12 0
25 20 1 0
25 21 1 0
25 22 1 0
25 23 1 0
25 24 1 0
25 25 1 0
25 26 1 0
25 27 1 0
25 28 1 0
25 29 1 0
25 30 1 0
25 31 1 0
25 32 1 0
0 0
1 0
2 0
3 0
4 0
5 0
6 0
7 0
8 0
9 0
10 0
11 0
12 0
25 21 1 0
25 22 1 0
25 23 1 0
25 24 1 0
25 25 1 0
25 26 1 0
25 27 1 0
25 28 1 0
25 29 1 0
25 30 1 0
25 31 1 0
25 32 1 0
25 33 1 0
0 0
1 0
2 0
3 0
4 0
5 0
6 0
7 0
8 0
9 0
10 0
11 0
12 0
25 22 1 0
25 23 1 0
25 24 1 0
25 25 1 0
25 26 1 0
25 27 1 0
25 28 1 0
25 29 1 0
25 30 1 0
25 31 1 0
25 32 1 0
25 33 1 0
25 34 1 0
0 0
1 0
2 0
3 0
4 0
5 0
6 0
7 0
8 0
9 0
10 0
11 0
12 0
25 23 1 0
25 24 1 0
25 25 1 0
25 26 1 0
25 27 1 0
25 28 1 0
25 29 1 0
25 30 1 0
25 31 1 0
25 32 1 0
25 33 1 0
25 34 1 0
25 35 1 0
0 0
1 0.0905357
2 0.181071
3 0.271607
4 0.362143
5 0.452679
6 0.543214
7 0.63375
8 0.724286
9 0.814822
10 0.905357
11 0.995893
12 0
25 24 1 0
25 25 1 0
25 26 1 0
25 27 1 0
25 28 1 0
25 29 1 0
25 30 1 0
25 31 1 0
25 32 1 0
25 33 1 0
25 34 1 0
25 35 2 0.995893
24 35 0 0
0 0
1 0.196116
2 0.392232
3 0.588348
4 0.784465
5 0.980581
6 1.1767
7 1.37281
8 1.56893
9 1.76505
10 1.96116
11 0.980581
12 0
25 25 1 0
25 26 1 0
25 27 1 0
25 28 1 0
25 29 1 0
25 30 1 0
25 31 1 0
25 32 1 0
25 33 1 0
25 34 1 0
25 35 3 1.96116
24 35 0 0
23 35 0 0
0 0
1 0.316228
2 0.632456
3 0.948683
4 1.26491
5 1.58114
6 1.89737
7 2.21359
8 2.52982
9 2.84605
10 1.89737
11 0.948683
12 0
25 26 1 0
25 27 1 0
25 28 1 0
25 29 1 0
25 30 1 0
25 31 1 0
25 32 1 0
25 33 1 0
25 34 1 0
25 35 4 2.84605
24 35 0 0
23 35 0 0
22 35 0 0
0 0
1 0.447214
2 0.894427
3 1.34164
4 1.78885
5 2.23607
6 2.68328
7 3.1305
8 3.57771
9 2.68328
10 1.78885
11 0.894427
12 0
25 27 1 0
25 28 1 0
25 29 1 0
25 30 1 0
25 31 1 0
25 32 1 0
25 33 1 0
25 34 1 0
25 35 5 3.57771
24 35 0 0
23 35 0 0
22 35 0 0
21 35 0 0
0 0
1 0.581238
2 1.16248
3 1.74371
4 2.32495
5 2.90619
6 3.48743
7 4.06867
8 3.25493
9 2.4412
10 1.62747
11 0.813733
12 0
25 28 1 0
25 29 1 0
25 30 1 0
25 31 1 0
25 32 1 0
25 33 1 0
25 34 1 0
25 35 6 4.06867
24 35 0 0
23 35 0 0
22 35 0 0
21 35 0 0
20 35 0 0
0 0
1 0.707107
2 1.41421
3 2.12132
4 2.82843
5 3.53553
6 4.24264
7 3.53553
8 2.82843
9 2.12132
10 1.41421
11 0.707107
12 0
25 29 1 0
25 30 1 0
25 31 1 0
25 32 1 0
25 33 1 0
25 34 1 0
25 35 7 4.24264
24 35 0 0
23 35 0 0
22 35 0 0
21 35 0 0
20 35 0 0
19 35 0 0
0 0
1 0.813733
2 1.62747
3 2.4412
4 3.25493
5 4.06867
6 3.48743
7 2.90619
8 2.32495
9 1.74371
10 1.16248
11 0.581238
12 0
25 30 1 0
25 31 1 0
25 32 1 0
25 33 1 0
25 34 1 0
25 35 8 4.24264
24 35 0 0
23 35 0 0
22 35 0 0
21 35 0 0
20 35 0 0
19 35 0 0
18 35 0 0
0 0
1 0.894427
2 1.78885
3 2.68328
4 3.57771
5 3.1305
6 2.68328
7 2.23607
8 1.78885
9 1.34164
10 0.894427
11 0.447214
12 0
25 31 1 0
25 32 1 0
25 33 1 0
25 34 1 0
25 35 9 4.24264
24 35 0 0
23 35 0 0
22 35 0 0
21 35 0 0
20 35 0 0
19 35 0 0
18 35 0 0
17 35 0 0
0 0
1 0.948683
2 1.89737
3 2.84605
4 2.52982
5 2.21359
6 1.89737
7 1.58114
8 1.26491
9 0.948683
10 0.632456
11 0.316228
12 0
25 32 1 0
25 33 1 0
25 34 1 0
25 35 10 4.24264
24 35 0 0
23 35 0 0
22 35 0 0
21 35 0 0
20 35 0 0
19 35 0 0
18 35 0 0
17 35 0 0
16 35 0 0
0 0
1 0.980581
2 1.96116
3 1.76505
4 1.56893
5 1.37281
6 1.1767
7 0.980581
8 0.784465
9 0.588348
10 0.392232
11 0.196116
12 0
25 33 1 0
25 34 1 0
25 35 11 4.24264
24 35 0 0
23 35 0 0
22 35 0 0
21 35 0 0
20 35 0 0
19 35 0 0
18 35 0 0
17 35 0 0
16 35 0 0
15 35 0 0
0 0
1 0.995893
2 0.905357
3 0.814822
4 0.724286
5 0.63375
6 0.543214
7 0.452679
8 0.362143
9 0.271607
10 0.181071
11 0.0905357
12 0
25 34 1 0
25 35 12 4.24264
24 35 0 0
23 35 0 0
22 35 0 0
21 35 0 0
20 35 0 0
19 35 0 0
18 35 0 0
17 35 0 0
16 35 0 0
15 35 0 0
14 35 0 0
0 0
1 0
2 0
3 0
4 0
5 0
6 0
7 0
8 0
9 0
10 0
11 0
12 0
25 35 12 4.24264
24 35 0 0
23 35 0 0
22 35 0 0
21 35 0 0
20 35 0 0
19 35 0 0
18 35 0 0
17 35 0 0
16 35 0 0
15 35 0 0
14 35 0 0
13 35 1 0
0 0
1 0
2 0
3 0
4 0
5 0
6 0
7 0
8 0
9 0
10 0
11 0
12 0
24 35 0 0
23 35 0 0
22 35 0 0
21 35 0 0
20 35 0 0
19 35 0 0
18 35 0 0
17 35 0 0
16 35 0 0
15 35 0 0
14 35 0 0
13 35 1 0
12 35 1 0
0 0
1 0
2 0
3 0
4 0
5 0
6 0
7 0
8 0
9 0
10 0
11 0
12 0
23 35 0 0
22 35 0 0
21 35 0 0
20 35 0 0
19 35 0 0
18 35 0 0
17 35 0 0
16 35 0 0
15 35 0 0
14 35 0 0
13 35 1 0
12 35 1 0
11 35 1 0
0 0
1 0
2 0
3 0
4 0
5 0
6 0
7 0
8 0
9 0
10 0
11 0
12 0
22 35 0 0
21 35 0 0
20 35 0 0
19 35 0 0
18 35 0 0
17 35 0 0
16 35 0 0
15 35 0 0
14 35 0 0
13 35 1 0
12 35 1 0
11 35 1 0
10 35 1 0
0 0
1 0
2 0
3 0
4 0
5 0
6 0
7 0
8 0
9 0
10 0
11 0
12 0
21 35 0 0
20 35 0 0
19 35 0 0
18 35 0 0
17 35 0 0
16 35 0 0
15 35 0 0
14 35 0 0
13 35 1 0
12 35 1 0
11 35 1 0
10 35 1 0
9 35 1 0
0 0
1 0
2 0
3 0
4 0
5 0
6 0
7 0
8 0
9 0
10 0
11 0
12 0
20 35 0 0
19 35 0 0
18 35 0 0
17 35 0 0
16 35 0 0
15 35 0 0
14 35 0 0
13 35 1 0
12 35 1 0
11 35 1 0
10 35 1 0
9 35 1 0
8 35 1 0
0 0
1 0
2 0
3 0
4 0
5 0
6 0
7 0
8 0
9 0
10 0
11 0
12 0
19 35 0 0
18 35 0 0
17 35 0 0
16 35 0 0
15 35 0 0
14 35 0 0
13 35 1 0
12 35 1 0
11 35 1 0
10 35 1 0
9 35 1 0
8 35 1 0
7 35 1 0
0 0
1 0
2 0
3 0
4 0
5 0
6 0
7 0
8 0
9 0
10 0
11 0
12 0
18 35 0 0
17 35 0 0
16 35 0 0
15 35 0 0
14 35 0 0
13 35 1 0
12 35 1 0
11 35 1 0
10 35 1 0
9 35 1 0
8 35 1 0
7 35 1 0
6 35 1 0
0 0
1 0.0905357
2 0.181071
3 0.271607
4 0.362143
5 0.452679
6 0.543214
7 0.63375
8 0.724286
9 0.814822
10 0.905357
11 0.995893
12 0
17 35 0 0
16 35 0 0
15 35 0 0
14 35 0 0
13 35 1 0
12 35 1 0
11 35 1 0
10 35 1 0
9 35 1 0
8 35 1 0
7 35 1 0
6 35 2 0.995893
6 34 0 0
0 0
1 0.196116
2 0.392232
3 0.588348
4 0.784465
5 0.980581
6 1.1767
7 1.37281
8 1.56893
9 1.76505
10 1.96116
11 0.980581
12 0
16 35 0 0
15 35 0 0
14 35 0 0
13 35 1 0
12 35 1 0
11 35 1 0
10 35 1 0
9 35 1 0
8 35 1 0
7 35 1 0
6 35 3 1.96116
6 34 0 0
6 33 0 0
0 0
1 0.316228
2 0.632456
3 0.948683
4 1.26491
5 1.58114
6 1.89737
7 2.21359
8 2.52982
9 2.84605
10 1.89737
11 0.948683
12 0
15 35 0 0
14 35 0 0
13 35 1 0
12 35 1 0
11 35 1 0
10 35 1 0
9 35 1 0
8 35 1 0
7 35 1 0
6 35 4 2.84605
6 34 0 0
6 33 0 0
6 32 0 0
0 0
1 0.447214
2 0.894427
3 1.34164
4 1.78885
5 2.23607
6 2.68328
7 3.1305
8 3.57771
9 2.68328
10 1.78885
11 0.894427
12 0
14 35 0 0
13 35 1 0
12 35 1 0
11 35 1 0
10 35 1 0
9 35 1 0
8 35 1 0
7 35 1 0
6 35 5 3.57771
6 34 0 0
6 33 0 0
6 32 0 0
6 31 0 0
0 0
1 0.581238
2 1.16248
3 1.74371
4 2.32495
5 2.90619
6 3.48743
7 4.06867
8 3.25493
9 2.4412
10 1.62747
11 0.813733
12 0
13 35 1 0
12 35 1 0
11 35 1 0
10 35 1 0
9 35 1 0
8 35 1 0
7 35 1 0
6 35 6 4.06867
6 34 0 0
6 33 0 0
6 32 0 0
6 31 0 0
6 30 0 0
0 0
1 0.707107
2 1.41421
3 2.12132
4 2.82843
5 3.53553
6 4.24264
7 3.53553
8 2.82843
9 2.12132
10 1.41421
11 0.707107
12 0
12 35 1 0
11 35 1 0
10 35 1 0
9 35 1 0
8 35 1 0
7 35 1 0
6 35 7 4.24264
6 34 0 0
6 33 0 0
6 32 0 0
6 31 0 0
6 30 0 0
6 29 0 0
0 0
1 0.813733
2 1.62747
3 2.4412
4 3.25493
5 4.06867
6 3.48743
7 2.90619
8 2.32495
9 1.74371
10 1.16248
11 0.581238
12 0
11 35 1 0
10 35 1 0
9 35 1 0
8 35 1 0
7 35 1 0
6 35 8 4.24264
6 34 0 0
6 33 0 0
6 32 0 0
6 31 0 0
6 30 0 0
6 29 0 0
6 28 0 0
0 0
1 0.894427
2 1.78885
3 2.68328
4 3.57771
5 3.1305
6 2.68328
7 2.23607
8 1.78885
9 1.34164
10 0.894427
11 0.447214
12 0
10 35 1 0
9 35 1 0
8 35 1 0
7 35 1 0
6 35 9 4.24264
6 34 0 0
6 33 0 0
6 32 0 0
6 31 0 0
6 30 0 0
6 29 0 0
6 28 0 0
6 27 0 0
0 0
1 0.948683
2 1.89737
3 2.84605
4 2.52982
5 2.21359
6 1.89737
7 1.58114
8 1.26491
9 0.948683
10 0.632456
11 0.316228
12 0
9 35 1 0
8 35 1 0
7 35 1 0
6 35 10 4.24264
6 34 0 0
6 33 0 0
6 32 0 0
6 31 0 0
6 30 0 0
6 29 0 0
6 28 0 0
6 27 0 0
6 26 0 0
0 0
1 0.980581
2 1.96116
3 1.76505
4 1.56893
5 1.37281
6 1.1767
7 0.980581
8 0.784465
9 0.588348
10 0.392232
11 0.196116
12 0
8 35 1 0
7 35 1 0
6 35 11 4.24264
6 34 0 0
6 33 0 0
6 32 0 0
6 31 0 0
6 30 0 0
6 29 0 0
6 28 0 0
6 27 0 0
6 26 0 0
6 25 0 0
0 0
1 0.995893
2 0.905357
3 0.814822
4 0.724286
5 0.63375
6 0.543214
7 0.452679
8 0.362143
9 0.271607
10 0.181071
11 0.0905357
12 0
7 35 1 0
6 35 12 4.24264
6 34 0 0
6 33 0 0
6 32 0 0
6 31 0 0
6 30 0 0
6 29 0 0
6 28 0 0
6 27 0 0
6 26 0 0
6 25 0 0
6 24 0 0
0 0
1 0
2 0
3 0
4 0
5 0
6 0
7 0
8 0
9 0
10 0
11 0
12 0
6 35 12 4.24264
6 34 0 0
6 33 0 0
6 32 0 0
6 31 0 0
6 30 0 0
6 29 0 0
6 28 0 0
6 27 0 0
6 26 0 0
6 25 0 0
6 24 0 0
6 23 1 0
0 0
1 0
2 0
3 0
4 0
5 0
6 0
7 0
8 0
9 0
10 0
11 0
12 0
6 34 0 0
6 33 0 0
6 32 0 0
6 31 0 0
6 30 0 0
6 29 0 0
6 28 0 0
6 27 0 0
6 26 0 0
6 25 0 0
6 24 0 0
6 23 1 0
6 22 1 0
0 0
1 0
2 0
3 0
4 0
5 0
6 0
7 0
8 0
9 0
10 0
11 0
12 0
6 33 0 0
6 32 0 0
6 31 0 0
6 30 0 0
6 29 0 0
6 28 0 0
6 27 0 0
6 26 0 0
6 25 0 0
6 24 0 0
6 23 1 0
6 22 1 0
6 21 1 0
0 0
1 0
2 0
3 0
4 0
5 0
6 0
7 0
8 0
9 0
10 0
11 0
12 0
6 32 0 0
6 31 0 0
6 30 0 0
6 29 0 0
6 28 0 0
6 27 0 0
6 26 0 0
6 25 0 0
6 24 0 0
6 23 1 0
6 22 1 0
6 21 1 0
6 20 1 0
0 0
1 0
2 0
3 0
4 0
5 0
6 0
7 0
8 0
9 0
10 0
11 0
12 0
6 31 0 0
6 30 0 0
6 29 0 0
6 28 0 0
6 27 0 0
6 26 0 0
6 25 0 0
6 24 0 0
6 23 1 0
6 22 1 0
6 21 1 0
6 20 1 0
6 19 1 0
0 0
1 0
2 0
3 0
4 0
5 0
6 0
7 0
8 0
9 0
10 0
11 0
12 0
6 30 0 0
6 29 0 0
6 28 0 0
6 27 0 0
6 26 0 0
6 25 0 0
6 24 0 0
6 23 1 0
6 22 1 0
6 21 1 0
6 20 1 0
6 19 1 0
6 18 1 0
0 0
1 0
2 0
3 0
4 0
5 0
6 0
7 0
8 0
9 0
10 0
11 0
12 0
6 29 0 0
6 28 0 0
6 27 0 0
6 26 0 0
6 25 0 0
6 24 0 0
6 23 1 0
6 22 1 0
6 21 1 0
6 20 1 0
6 19 1 0
6 18 1 0
6 17 1 0
0 0
1 0
2 0
3 0
4 0
5 0
6 0
7 0
8 0
9 0
10 0
11 0
12 0
6 28 0 0
6 27 0 0
6 26 0 0
6 25 0 0
6 24 0 0
6 23 1 0
6 22 1 0
6 21 1 0
6 20 1 0
6 19 1 0
6 18 1 0
6 17 1 0
6 16 1 0
0 0
1 0
2 0
3 0
4 0
5 0
6 0
7 0
8 0
9 0
10 0
11 0
12 0
6 27 0 0
6 26 0 0
6 25 0 0
6 24 0 0
6 23 1 0
6 22 1 0
6 21 1 0
6 20 1 0
6 19 1 0
6 18 1 0
6 17 1 0
6 16 1 0
6 15 1 0
0 0
1 0
2 0
3 0
4 0
5 0
6 0
7 0
8 0
9 0
10 0
11 0
12 0
6 26 0 0
6 25 0 0
6 24 0 0
6 23 1 0
6 22 1 0
6 21 1 0
6 20 1 0
6 19 1 0
6 18 1 0
6 17 1 0
6 16 1 0
6 15 1 0
6 14 1 0
0 0
1 0
2 0
3 0
4 0
5 0
6 0
7 0
8 0
9 0
10 0
11 0
12 0
6 25 0 0
6 24 0 0
6 23 1 0
6 22 1 0
6 21 1 0
6 20 1 0
6 19 1 0
6 18 1 0
6 17 1 0
6 16 1 0
6 15 1 0
6 14 1 0
6 13 1 0
0 0
1 0
2 0
3 0
4 0
5 0
6 0
7 0
8 0
9 0
10 0
11 0
12 0
6 24 0 0
6 23 1 0
6 22 1 0
6 21 1 0
6 20 1 0
6 19 1 0
6 18 1 0
6 17 1 0
6 16 1 0
6 15 1 0
6 14 1 0
6 13 1 0
6 12 1 0
0 0
1 0
2 0
3 0
4 0
5 0
6 0
7 0
8 0
9 0
10 0
11 0
12 0
6 23 1 0
6 22 1 0
6 21 1 0
6 20 1 0
6 19 1 0
6 18 1 0
6 17 1 0
6 16 1 0
6 15 1 0
6 14 1 0
6 13 1 0
6 12 1 0
6 11 1 0
0 0
1 0
2 0
3 0
4 0
5 0
6 0
7 0
8 0
9 0
10 0
11 0
12 0
6 22 1 0
6 21 1 0
6 20 1 0
6 19 1 0
6 18 1 0
6 17 1 0
6 16 1 0
6 15 1 0
6 14 1 0
6 13 1 0
6 12 1 0
6 11 1 0
6 10 1 0
0 0
1 0
2 0
3 0
4 0
5 0
6 0
7 0
8 0
9 0
10 0
11 0
12 0
6 21 1 0
6 20 1 0
6 19 1 0
6 18 1 0
6 17 1 0
6 16 1 0
6 15 1 0
6 14 1 0
6 13 1 0
6 12 1 0
6 11 1 0
6 10 1 0
6 9 1 0
0 0
1 0
2 0
3 0
4 0
5 0
6 0
7 0
8 0
9 0
10 0
11 0
12 0
6 20 1 0
6 19 1 0
6 18 1 0
6 17 1 0
6 16 1 0
6 15 1 0
6 14 1 0
6 13 1 0
6 12 1 0
6 11 1 0
6 10 1 0
6 9 1 0
6 8 1 0
0 0
1 0
2 0
3 0
4 0
5 0
6 0
7 0
8 0
9 0
10 0
11 0
12 0
6 19 1 0
6 18 1 0
6 17 1 0
6 16 1 0
6 15 1 0
6 14 1 0
6 13 1 0
6 12 1 0
6 11 1 0
6 10 1 0
6 9 1 0
6 8 1 0
6 7 1 0
0 0
1 0
2 0
3 0
4 0
5 0
6 0
7 0
8 0
9 0
10 0
11 0
12 0
0 0
1 0.0905357
2 0.181071
3 0.271607
4 0.362143
5 0.452679
6 0.543214
7 0.63375
8 0.724286
9 0.814822
10 0.905357
11 0.995893
12 0
0 0
1 0.196116
2 0.392232
3 0.588348
4 0.784465
5 0.980581
6 1.1767
7 1.37281
8 1.56893
9 1.76505
10 1.96116
11 0.980581
12 0
0 0
1 0.316228
2 0.632456
3 0.948683
4 1.26491
5 1.58114
6 1.89737
7 2.21359
8 2.52982
9 2.84605
10 1.89737
11 0.948683
12 0
0 0
1 0.447214
2 0.894427
3 1.34164
4 1.78885
5 2.23607
6 2.68328
7 3.1305
8 3.57771
9 2.68328
10 1.78885
11 0.894427
12 0
0 0
1 0.581238
2 1.16248
3 1.74371
4 2.32495
5 2.90619
6 3.48743
7 4.06867
8 3.25493
9 2.4412
10 1.62747
11 0.813733
12 0
(6, 6, 6, 4.06867) (7, 6, 0, 0) (8, 6, 0, 0) (9, 6, 0, 0) (10, 6, 0, 0) 
(11, 6, 0, 0) (12, 6, 0, 0) (13, 6, 0, 0) (14, 6, 0, 0) (15, 6, 0, 0) 
(16, 6, 0, 0) (17, 6, 0, 0) (18, 6, 1, 0) (19, 6, 1, 0) (20, 6, 1, 0) 
(21, 6, 1, 0) (22, 6, 1, 0) (23, 6, 1, 0) (24, 6, 1, 0) (25, 6, 12, 4.24264) 
(25, 7, 0, 0) (25, 8, 0, 0) (25, 9, 0, 0) (25, 10, 0, 0) (25, 11, 0, 0) 
(25, 12, 0, 0) (25, 13, 0, 0) (25, 14, 0, 0) (25, 15, 0, 0) (25, 16, 0, 0) 
(25, 17, 0, 0) (25, 18, 1, 0) (25, 19, 1, 0) (25, 20, 1, 0) (25, 21, 1, 0) 
(25, 22, 1, 0) (25, 23, 1, 0) (25, 24, 1, 0) (25, 25, 1, 0) (25, 26, 1, 0) 
(25, 27, 1, 0) (25, 28, 1, 0) (25, 29, 1, 0) (25, 30, 1, 0) (25, 31, 1, 0) 
(25, 32, 1, 0) (25, 33, 1, 0) (25, 34, 1, 0) (25, 35, 12, 4.24264) (24, 35, 0, 0) 
(23, 35, 0, 0) (22, 35, 0, 0) (21, 35, 0, 0) (20, 35, 0, 0) (19, 35, 0, 0) 
(18, 35, 0, 0) (17, 35, 0, 0) (16, 35, 0, 0) (15, 35, 0, 0) (14, 35, 0, 0) 
(13, 35, 1, 0) (12, 35, 1, 0) (11, 35, 1, 0) (10, 35, 1, 0) (9, 35, 1, 0) 
(8, 35, 1, 0) (7, 35, 1, 0) (6, 35, 12, 4.24264) (6, 34, 0, 0) (6, 33, 0, 0) 
(6, 32, 0, 0) (6, 31, 0, 0) (6, 30, 0, 0) (6, 29, 0, 0) (6, 28, 0, 0) 
(6, 27, 0, 0) (6, 26, 0, 0) (6, 25, 0, 0) (6, 24, 0, 0) (6, 23, 1, 0) 
(6, 22, 1, 0) (6, 21, 1, 0) (6, 20, 1, 0) (6, 19, 1, 0) (6, 18, 1, 0) 
(6, 17, 1, 0) (6, 16, 1, 0) (6, 15, 1, 0) (6, 14, 1, 0) (6, 13, 1, 0) 
(6, 12, 1, 0) (6, 11, 1, 0) (6, 10, 1, 0) (6, 9, 1, 0) (6, 8, 1, 0) 
(6, 7, 1, 0) 