0 0
1 0
2 0
3 0
4 0
5 0
6 0
7 0
8 0
9 0
10 0
6 6 0 0
7 6 0 0
8 6 0 0
9 6 0 0
10 6 0 0
11 6 0 0
12 6 0 0
13 6 0 0
14 6 0 0
15 6 0 0
16 6 1 0
0 0
1 0
2 0
3 0
4 0
5 0
6 0
7 0
8 0
9 0
10 0
7 6 0 0
8 6 0 0
9 6 0 0
10 6 0 0
11 6 0 0
12 6 0 0
13 6 0 0
14 6 0 0
15 6 0 0
16 6 1 0
17 6 1 0
0 0
1 0
2 0
3 0
4 0
5 0
6 0
7 0
8 0
9 0
10 0
8 6 0 0
9 6 0 0
10 6 0 0
11 6 0 0
12 6 0 0
13 6 0 0
14 6 0 0
15 6 0 0
16 6 1 0
17 6 1 0
18 6 1 0
0 0
1 0
2 0
3 0
4 0
5 0
6 0
7 0
8 0
9 0
10 0
9 6 0 0
10 6 0 0
11 6 0 0
12 6 0 0
13 6 0 0
14 6 0 0
15 6 0 0
16 6 1 0
17 6 1 0
18 6 1 0
19 6 1 0
0 0
1 0
2 0
3 0
4 0
5 0
6 0
7 0
8 0
9 0
10 0
10 6 0 0
11 6 0 0
12 6 0 0
13 6 0 0
14 6 0 0
15 6 0 0
16 6 1 0
17 6 1 0
18 6 1 0
19 6 1 0
20 6 1 0
0 0
1 0
2 0
3 0
4 0
5 0
6 0
7 0
8 0
9 0
10 0
11 6 0 0
12 6 0 0
13 6 0 0
14 6 0 0
15 6 0 0
16 6 1 0
17 6 1 0
18 6 1 0
19 6 1 0
20 6 1 0
21 6 1 0
0 0
1 0
2 0
3 0
4 0
5 0
6 0
7 0
8 0
9 0
10 0
12 6 0 0
13 6 0 0
14 6 0 0
15 6 0 0
16 6 1 0
17 6 1 0
18 6 1 0
19 6 1 0
20 6 1 0
21 6 1 0
22 6 1 0
0 0
1 0
2 0
3 0
4 0
5 0
6 0
7 0
8 0
9 0
10 0
13 6 0 0
14 6 0 0
15 6 0 0
16 6 1 0
17 6 1 0
18 6 1 0
19 6 1 0
20 6 1 0
21 6 1 0
22 6 1 0
23 6 1 0
0 0
1 0
2 0
3 0
4 0
5 0
6 0
7 0
8 0
9 0
10 0
14 6 0 0
15 6 0 0
16 6 1 0
17 6 1 0
18 6 1 0
19 6 1 0
20 6 1 0
21 6 1 0
22 6 1 0
23 6 1 0
24 6 1 0
0 0
1 0
2 0
3 0
4 0
5 0
6 0
7 0
8 0
9 0
10 0
15 6 0 0
16 6 1 0
17 6 1 0
18 6 1 0
19 6 1 0
20 6 1 0
21 6 1 0
22 6 1 0
23 6 1 0
24 6 1 0
25 6 1 0
0 0
1 0.110432
2 0.220863
3 0.331295
4 0.441726
5 0.552158
6 0.662589
7 0.773021
8 0.883452
9 0.993884
10 0
16 6 1 0
17 6 1 0
18 6 1 0
19 6 1 0
20 6 1 0
21 6 1 0
22 6 1 0
23 6 1 0
24 6 1 0
25 6 2 0.993884
25 7 0 0
0 0
1 0.242536
2 0.485071
3 0.727607
4 0.970143
5 1.21268
6 1.45521
7 1.69775
8 1.94029
9 0.970143
10 0
17 6 1 0
18 6 1 0
19 6 1 0
20 6 1 0
21 6 1 0
22 6 1 0
23 6 1 0
24 6 1 0
25 6 3 1.94029
25 7 0 0
25 8 0 0
0 0
1 0.393919
2 0.787839
3 1.18176
4 1.57568
5 1.9696
6 2.36352
7 2.75744
8 1.83829
9 0.919145
10 0
18 6 1 0
19 6 1 0
20 6 1 0
21 6 1 0
22 6 1 0
23 6 1 0
24 6 1 0
25 6 4 2.75744
25 7 0 0
25 8 0 0
25 9 0 0
0 0
1 0.5547
2 1.1094
3 1.6641
4 2.2188
5 2.7735
6 3.3282
7 2.49615
8 1.6641
9 0.83205
10 0
19 6 1 0
20 6 1 0
21 6 1 0
22 6 1 0
23 6 1 0
24 6 1 0
25 6 5 3.3282
25 7 0 0
25 8 0 0
25 9 0 0
25 10 0 0
0 0
1 0.707107
2 1.41421
3 2.12132
4 2.82843
5 3.53553
6 2.82843
7 2.12132
8 1.41421
9 0.707107
10 0
20 6 1 0
21 6 1 0
22 6 1 0
23 6 1 0
24 6 1 0
25 6 6 3.53553
25 7 0 0
25 8 0 0
25 9 0 0
25 10 0 0
25 11 0 0
0 0
1 0.83205
2 1.6641
3 2.49615
4 3.3282
5 2.7735
6 2.2188
7 1.6641
8 1.1094
9 0.5547
10 0
21 6 1 0
22 6 1 0
23 6 1 0
24 6 1 0
25 6 7 3.53553
25 7 0 0
25 8 0 0
25 9 0 0
25 10 0 0
25 11 0 0
25 12 0 0
0 0
1 0.919145
2 1.83829
3 2.75744
4 2.36352
5 1.9696
6 1.57568
7 1.18176
8 0.787839
9 0.393919
10 0
22 6 1 0
23 6 1 0
24 6 1 0
25 6 8 3.53553
25 7 0 0
25 8 0 0
25 9 0 0
25 10 0 0
25 11 0 0
25 12 0 0
25 13 0 0
0 0
1 0.970143
2 1.94029
3 1.69775
4 1.45521
5 1.21268
6 0.970143
7 0.727607
8 0.485071
9 0.242536
10 0
23 6 1 0
24 6 1 0
25 6 9 3.53553
25 7 0 0
25 8 0 0
25 9 0 0
25 10 0 0
25 11 0 0
25 12 0 0
25 13 0 0
25 14 0 0
0 0
1 0.993884
2 0.883452
3 0.773021
4 0.662589
5 0.552158
6 0.441726
7 0.331295
8 0.220863
9 0.110432
10 0
24 6 1 0
25 6 10 3.53553
25 7 0 0
25 8 0 0
25 9 0 0
25 10 0 0
25 11 0 0
25 12 0 0
25 13 0 0
25 14 0 0
25 15 0 0
0 0
1 0
2 0
3 0
4 0
5 0
6 0
7 0
8 0
9 0
10 0
25 6 10 3.53553
25 7 0 0
25 8 0 0
25 9 0 0
25 10 0 0
25 11 0 0
25 12 0 0
25 13 0 0
25 14 0 0
25 15 0 0
25 16 1 0
0 0
1 0
2 0
3 0
4 0
5 0
6 0
7 0
8 0
9 0
10 0
25 7 0 0
25 8 0 0
25 9 0 0
25 10 0 0
25 11 0 0
25 12 0 0
25 13 0 0
25 14 0 0
25 15 0 0
25 16 1 0
25 17 1 0
0 0
1 0
2 0
3 0
4 0
5 0
6 0
7 0
8 0
9 0
10 0
25 8 0 0
25 9 0 0
25 10 0 0
25 11 0 0
25 12 0 0
25 13 0 0
25 14 0 0
25 15 0 0
25 16 1 0
25 17 1 0
25 18 1 0
0 0
1 0
2 0
3 0
4 0
5 0
6 0
7 0
8 0
9 0
10 0
25 9 0 0
25 10 0 0
25 11 0 0
25 12 0 0
25 13 0 0
25 14 0 0
25 15 0 0
25 16 1 0
25 17 1 0
25 18 1 0
25 19 1 0
0 0
1 0
2 0
3 0
4 0
5 0
6 0
7 0
8 0
9 0
10 0
25 10 0 0
25 11 0 0
25 12 0 0
25 13 0 0
25 14 0 0
25 15 0 0
25 16 1 0
25 17 1 0
25 18 1 0
25 19 1 0
25 20 1 0
0 0
1 0
2 0
3 0
4 0
5 0
6 0
7 0
8 0
9 0
10 0
25 11 0 0
25 12 0 0
25 13 0 0
25 14 0 0
25 15 0 0
25 16 1 0
25 17 1 0
25 18 1 0
25 19 1 0
25 20 1 0
25 21 1 0
0 0
1 0
2 0
3 0
4 0
5 0
6 0
7 0
8 0
9 0
10 0
25 12 0 0
25 13 0 0
25 14 0 0
25 15 0 0
25 16 1 0
25 17 1 0
25 18 1 0
25 19 1 0
25 20 1 0
25 21 1 0
25 22 1 0
0 0
1 0
2 0
3 0
4 0
5 0
6 0
7 0
8 0
9 0
10 0
25 13 0 0
25 14 0 0
25 15 0 0
25 16 1 0
25 17 1 0
25 18 1 0
25 19 1 0
25 20 1 0
25 21 1 0
25 22 1 0
25 23 1 0
0 0
1 0
2 0
3 0
4 0
5 0
6 0
7 0
8 0
9 0
10 0
25 14 0 0
25 15 0 0
25 16 1 0
25 17 1 0
25 18 1 0
25 19 1 0
25 20 1 0
25 21 1 0
25 22 1 0
25 23 1 0
25 24 1 0
0 0
1 0
2 0
3 0
4 0
5 0
6 0
7 0
8 0
9 0
10 0
25 15 0 0
25 16 1 0
25 17 1 0
25 18 1 0
25 19 1 0
25 20 1 0
25 21 1 0
25 22 1 0
25 23 1 0
25 24 1 0
25 25 1 0
0 0
1 0
2 0
3 0
4 0
5 0
6 0
7 0
8 0
9 0
10 0
25 16 1 0
25 17 1 0
25 18 1 0
25 19 1 0
25 20 1 0
25 21 1 0
25 22 1 0
25 23 1 0
25 24 1 0
25 25 1 0
25 26 1 0
0 0
1 0
2 0
3 0
4 0
5 0
6 0
7 0
8 0
9 0
10 0
25 17 1 0
25 18 1 0
25 19 1 0
25 20 1 0
25 21 1 0
25 22 1 0
25 23 1 0
25 24 1 0
25 25 1 0
25 26 1 0
25 27 1 0
0 0
1 0
2 0
3 0
4 0
5 0
6 0
7 0
8 0
9 0
10 0
25 18 1 0
25 19 1 0
25 20 1 0
25 21 1 0
25 22 1 0
25 23 1 0
25 24 1 0
25 25 1 0
25 26 1 0
25 27 1 0
25 28 1 0
0 0
1 0
2 0
3 0
4 0
5 0
6 0
7 0
8 0
9 0
10 0
25 19 1 0
25 20 1 0
25 21 1 0
25 22 1 0
25 23 1 0
25 24 1 0
25 25 1 0
25 26 1 0
25 27 1 0
25 28 1 0
25 29 1 0
0 0
1 0
2 0
3 0
4 0
5 0
6 0
7 0
8 0
9 0
10 0
25 20 1 0
25 21 1 0
25 22 1 0
25 23 1 0
25 24 1 0
25 25 1 0
25 26 1 0
25 27 1 0
25 28 1 0
25 29 1 0
25 30 1 0
0 0
1 0
2 0
3 0
4 0
5 0
6 0
7 0
8 0
9 0
10 0
25 21 1 0
25 22 1 0
25 23 1 0
25 24 1 0
25 25 1 0
25 26 1 0
25 27 1 0
25 28 1 0
25 29 1 0
25 30 1 0
25 31 1 0
0 0
1 0
2 0
3 0
4 0
5 0
6 0
7 0
8 0
9 0
10 0
25 22 1 0
25 23 1 0
25 24 1 0
25 25 1 0
25 26 1 0
25 27 1 0
25 28 1 0
25 29 1 0
25 30 1 0
25 31 1 0
25 32 1 0
0 0
1 0
2 0
3 0
4 0
5 0
6 0
7 0
8 0
9 0
10 0
25 23 1 0
25 24 1 0
25 25 1 0
25 26 1 0
25 27 1 0
25 28 1 0
25 29 1 0
25 30 1 0
25 31 1 0
25 32 1 0
25 33 1 0
0 0
1 0
2 0
3 0
4 0
5 0
6 0
7 0
8 0
9 0
10 0
25 24 1 0
25 25 1 0
25 26 1 0
25 27 1 0
25 28 1 0
25 29 1 0
25 30 1 0
25 31 1 0
25 32 1 0
25 33 1 0
25 34 1 0
0 0
1 0
2 0
3 0
4 0
5 0
6 0
7 0
8 0
9 0
10 0
25 25 1 0
25 26 1 0
25 27 1 0
25 28 1 0
25 29 1 0
25 30 1 0
25 31 1 0
25 32 1 0
25 33 1 0
25 34 1 0
25 35 1 0
0 0
1 0.110432
2 0.220863
3 0.331295
4 0.441726
5 0.552158
6 0.662589
7 0.773021
8 0.883452
9 0.993884
10 0
25 26 1 0
25 27 1 0
25 28 1 0
25 29 1 0
25 30 1 0
25 31 1 0
25 32 1 0
25 33 1 0
25 34 1 0
25 35 2 0.993884
24 35 0 0
0 0
1 0.242536
2 0.485071
3 0.727607
4 0.970143
5 1.21268
6 1.45521
7 1.69775
8 1.94029
9 0.970143
10 0
25 27 1 0
25 28 1 0
25 29 1 0
25 30 1 0
25 31 1 0
25 32 1 0
25 33 1 0
25 34 1 0
25 35 3 1.94029
24 35 0 0
23 35 0 0
0 0
1 0.393919
2 0.787839
3 1.18176
4 1.57568
5 1.9696
6 2.36352
7 2.75744
8 1.83829
9 0.919145
10 0
25 28 1 0
25 29 1 0
25 30 1 0
25 31 1 0
25 32 1 0
25 33 1 0
25 34 1 0
25 35 4 2.75744
24 35 0 0
23 35 0 0
22 35 0 0
0 0
1 0.5547
2 1.1094
3 1.6641
4 2.2188
5 2.7735
6 3.3282
7 2.49615
8 1.6641
9 0.83205
10 0
25 29 1 0
25 30 1 0
25 31 1 0
25 32 1 0
25 33 1 0
25 34 1 0
25 35 5 3.3282
24 35 0 0
23 35 0 0
22 35 0 0
21 35 0 0
0 0
1 0.707107
2 1.41421
3 2.12132
4 2.82843
5 3.53553
6 2.82843
7 2.12132
8 1.41421
9 0.707107
10 0
25 30 1 0
25 31 1 0
25 32 1 0
25 33 1 0
25 34 1 0
25 35 6 3.53553
24 35 0 0
23 35 0 0
22 35 0 0
21 35 0 0
20 35 0 0
0 0
1 0.83205
2 1.6641
3 2.49615
4 3.3282
5 2.7735
6 2.2188
7 1.6641
8 1.1094
9 0.5547
10 0
25 31 1 0
25 32 1 0
25 33 1 0
25 34 1 0
25 35 7 3.53553
24 35 0 0
23 35 0 0
22 35 0 0
21 35 0 0
20 35 0 0
19 35 0 0
0 0
1 0.919145
2 1.83829
3 2.75744
4 2.36352
5 1.9696
6 1.57568
7 1.18176
8 0.787839
9 0.393919
10 0
25 32 1 0
25 33 1 0
25 34 1 0
25 35 8 3.53553
24 35 0 0
23 35 0 0
22 35 0 0
21 35 0 0
20 35 0 0
19 35 0 0
18 35 0 0
0 0
1 0.970143
2 1.94029
3 1.69775
4 1.45521
5 1.21268
6 0.970143
7 0.727607
8 0.485071
9 0.242536
10 0
25 33 1 0
25 34 1 0
25 35 9 3.53553
24 35 0 0
23 35 0 0
22 35 0 0
21 35 0 0
20 35 0 0
19 35 0 0
18 35 0 0
17 35 0 0
0 0
1 0.993884
2 0.883452
3 0.773021
4 0.662589
5 0.552158
6 0.441726
7 0.331295
8 0.220863
9 0.110432
10 0
25 34 1 0
25 35 10 3.53553
24 35 0 0
23 35 0 0
22 35 0 0
21 35 0 0
20 35 0 0
19 35 0 0
18 35 0 0
17 35 0 0
16 35 0 0
0 0
1 0
2 0
3 0
4 0
5 0
6 0
7 0
8 0
9 0
10 0
25 35 10 3.53553
24 35 0 0
23 35 0 0
22 35 0 0
21 35 0 0
20 35 0 0
19 35 0 0
18 35 0 0
17 35 0 0
16 35 0 0
15 35 1 0
0 0
1 0
2 0
3 0
4 0
5 0
6 0
7 0
8 0
9 0
10 0
24 35 0 0
23 35 0 0
22 35 0 0
21 35 0 0
20 35 0 0
19 35 0 0
18 35 0 0
17 35 0 0
16 35 0 0
15 35 1 0
14 35 1 0
0 0
1 0
2 0
3 0
4 0
5 0
6 0
7 0
8 0
9 0
10 0
23 35 0 0
22 35 0 0
21 35 0 0
20 35 0 0
19 35 0 0
18 35 0 0
17 35 0 0
16 35 0 0
15 35 1 0
14 35 1 0
13 35 1 0
0 0
1 0
2 0
3 0
4 0
5 0
6 0
7 0
8 0
9 0
10 0
22 35 0 0
21 35 0 0
20 35 0 0
19 35 0 0
18 35 0 0
17 35 0 0
16 35 0 0
15 35 1 0
14 35 1 0
13 35 1 0
12 35 1 0
0 0
1 0
2 0
3 0
4 0
5 0
6 0
7 0
8 0
9 0
10 0
21 35 0 0
20 35 0 0
19 35 0 0
18 35 0 0
17 35 0 0
16 35 0 0
15 35 1 0
14 35 1 0
13 35 1 0
12 35 1 0
11 35 1 0
0 0
1 0
2 0
3 0
4 0
5 0
6 0
7 0
8 0
9 0
10 0
20 35 0 0
19 35 0 0
18 35 0 0
17 35 0 0
16 35 0 0
15 35 1 0
14 35 1 0
13 35 1 0
12 35 1 0
11 35 1 0
10 35 1 0
0 0
1 0
2 0
3 0
4 0
5 0
6 0
7 0
8 0
9 0
10 0
19 35 0 0
18 35 0 0
17 35 0 0
16 35 0 0
15 35 1 0
14 35 1 0
13 35 1 0
12 35 1 0
11 35 1 0
10 35 1 0
9 35 1 0
0 0
1 0
2 0
3 0
4 0
5 0
6 0
7 0
8 0
9 0
10 0
18 35 0 0
17 35 0 0
16 35 0 0
15 35 1 0
14 35 1 0
13 35 1 0
12 35 1 0
11 35 1 0
10 35 1 0
9 35 1 0
8 35 1 0
0 0
1 0
2 0
3 0
4 0
5 0
6 0
7 0
8 0
9 0
10 0
17 35 0 0
16 35 0 0
15 35 1 0
14 35 1 0
13 35 1 0
12 35 1 0
11 35 1 0
10 35 1 0
9 35 1 0
8 35 1 0
7 35 1 0
0 0
1 0
2 0
3 0
4 0
5 0
6 0
7 0
8 0
9 0
10 0
16 35 0 0
15 35 1 0
14 35 1 0
13 35 1 0
12 35 1 0
11 35 1 0
10 35 1 0
9 35 1 0
8 35 1 0
7 35 1 0
6 35 1 0
0 0
1 0.110432
2 0.220863
3 0.331295
4 0.441726
5 0.552158
6 0.662589
7 0.773021
8 0.883452
9 0.993884
10 0
15 35 1 0
14 35 1 0
13 35 1 0
12 35 1 0
11 35 1 0
10 35 1 0
9 35 1 0
8 35 1 0
7 35 1 0
6 35 2 0.993884
6 34 0 0
0 0
1 0.242536
2 0.485071
3 0.727607
4 0.970143
5 1.21268
6 1.45521
7 1.69775
8 1.94029
9 0.970143
10 0
14 35 1 0
13 35 1 0
12 35 1 0
11 35 1 0
10 35 1 0
9 35 1 0
8 35 1 0
7 35 1 0
6 35 3 1.94029
6 34 0 0
6 33 0 0
0 0
1 0.393919
2 0.787839
3 1.18176
4 1.57568
5 1.9696
6 2.36352
7 2.75744
8 1.83829
9 0.919145
10 0
13 35 1 0
12 35 1 0
11 35 1 0
10 35 1 0
9 35 1 0
8 35 1 0
7 35 1 0
6 35 4 2.75744
6 34 0 0
6 33 0 0
6 32 0 0
0 0
1 0.5547
2 1.1094
3 1.6641
4 2.2188
5 2.7735
6 3.3282
7 2.49615
8 1.6641
9 0.83205
10 0
12 35 1 0
11 35 1 0
10 35 1 0
9 35 1 0
8 35 1 0
7 35 1 0
6 35 5 3.3282
6 34 0 0
6 33 0 0
6 32 0 0
6 31 0 0
0 0
1 0.707107
2 1.41421
3 2.12132
4 2.82843
5 3.53553
6 2.82843
7 2.12132
8 1.41421
9 0.707107
10 0
11 35 1 0
10 35 1 0
9 35 1 0
8 35 1 0
7 35 1 0
6 35 6 3.53553
6 34 0 0
6 33 0 0
6 32 0 0
6 31 0 0
6 30 0 0
0 0
1 0.83205
2 1.6641
3 2.49615
4 3.3282
5 2.7735
6 2.2188
7 1.6641
8 1.1094
9 0.5547
10 0
10 35 1 0
9 35 1 0
8 35 1 0
7 35 1 0
6 35 7 3.53553
6 34 0 0
6 33 0 0
6 32 0 0
6 31 0 0
6 30 0 0
6 29 0 0
0 0
1 0.919145
2 1.83829
3 2.75744
4 2.36352
5 1.9696
6 1.57568
7 1.18176
8 0.787839
9 0.393919
10 0
9 35 1 0
8 35 1 0
7 35 1 0
6 35 8 3.53553
6 34 0 0
6 33 0 0
6 32 0 0
6 31 0 0
6 30 0 0
6 29 0 0
6 28 0 0
0 0
1 0.970143
2 1.94029
3 1.69775
4 1.45521
5 1.21268
6 0.970143
7 0.727607
8 0.485071
9 0.242536
10 0
8 35 1 0
7 35 1 0
6 35 9 3.53553
6 34 0 0
6 33 0 0
6 32 0 0
6 31 0 0
6 30 0 0
6 29 0 0
6 28 0 0
6 27 0 0
0 0
1 0.993884
2 0.883452
3 0.773021
4 0.662589
5 0.552158
6 0.441726
7 0.331295
8 0.220863
9 0.110432
10 0
7 35 1 0
6 35 10 3.53553
6 34 0 0
6 33 0 0
6 32 0 0
6 31 0 0
6 30 0 0
6 29 0 0
6 28 0 0
6 27 0 0
6 26 0 0
0 0
1 0
2 0
3 0
4 0
5 0
6 0
7 0
8 0
9 0
10 0
6 35 10 3.53553
6 34 0 0
6 33 0 0
6 32 0 0
6 31 0 0
6 30 0 0
6 29 0 0
6 28 0 0
6 27 0 0
6 26 0 0
6 25 1 0
0 0
1 0
2 0
3 0
4 0
5 0
6 0
7 0
8 0
9 0
10 0
6 34 0 0
6 33 0 0
6 32 0 0
6 31 0 0
6 30 0 0
6 29 0 0
6 28 0 0
6 27 0 0
6 26 0 0
6 25 1 0
6 24 1 0
0 0
1 0
2 0
3 0
4 0
5 0
6 0
7 0
8 0
9 0
10 0
6 33 0 0
6 32 0 0
6 31 0 0
6 30 0 0
6 29 0 0
6 28 0 0
6 27 0 0
6 26 0 0
6 25 1 0
6 24 1 0
6 23 1 0
0 0
1 0
2 0
3 0
4 0
5 0
6 0
7 0
8 0
9 0
10 0
6 32 0 0
6 31 0 0
6 30 0 0
6 29 0 0
6 28 0 0
6 27 0 0
6 26 0 0
6 25 1 0
6 24 1 0
6 23 1 0
6 22 1 0
0 0
1 0
2 0
3 0
4 0
5 0
6 0
7 0
8 0
9 0
10 0
6 31 0 0
6 30 0 0
6 29 0 0
6 28 0 0
6 27 0 0
6 26 0 0
6 25 1 0
6 24 1 0
6 23 1 0
6 22 1 0
6 21 1 0
0 0
1 0
2 0
3 0
4 0
5 0
6 0
7 0
8 0
9 0
10 0
6 30 0 0
6 29 0 0
6 28 0 0
6 27 0 0
6 26 0 0
6 25 1 0
6 24 1 0
6 23 1 0
6 22 1 0
6 21 1 0
6 20 1 0
0 0
1 0
2 0
3 0
4 0
5 0
6 0
7 0
8 0
9 0
10 0
6 29 0 0
6 28 0 0
6 27 0 0
6 26 0 0
6 25 1 0
6 24 1 0
6 23 1 0
6 22 1 0
6 21 1 0
6 20 1 0
6 19 1 0
0 0
1 0
2 0
3 0
4 0
5 0
6 0
7 0
8 0
9 0
10 0
6 28 0 0
6 27 0 0
6 26 0 0
6 25 1 0
6 24 1 0
6 23 1 0
6 22 1 0
6 21 1 0
6 20 1 0
6 19 1 0
6 18 1 0
0 0
1 0
2 0
3 0
4 0
5 0
6 0
7 0
8 0
9 0
10 0
6 27 0 0
6 26 0 0
6 25 1 0
6 24 1 0
6 23 1 0
6 22 1 0
6 21 1 0
6 20 1 0
6 19 1 0
6 18 1 0
6 17 1 0
0 0
1 0
2 0
3 0
4 0
5 0
6 0
7 0
8 0
9 0
10 0
6 26 0 0
6 25 1 0
6 24 1 0
6 23 1 0
6 22 1 0
6 21 1 0
6 20 1 0
6 19 1 0
6 18 1 0
6 17 1 0
6 16 1 0
0 0
1 0
2 0
3 0
4 0
5 0
6 0
7 0
8 0
9 0
10 0
6 25 1 0
6 24 1 0
6 23 1 0
6 22 1 0
6 21 1 0
6 20 1 0
6 19 1 0
6 18 1 0
6 17 1 0
6 16 1 0
6 15 1 0
0 0
1 0
2 0
3 0
4 0
5 0
6 0
7 0
8 0
9 0
10 0
6 24 1 0
6 23 1 0
6 22 1 0
6 21 1 0
6 20 1 0
6 19 1 0
6 18 1 0
6 17 1 0
6 16 1 0
6 15 1 0
6 14 1 0
0 0
1 0
2 0
3 0
4 0
5 0
6 0
7 0
8 0
9 0
10 0
6 23 1 0
6 22 1 0
6 21 1 0
6 20 1 0
6 19 1 0
6 18 1 0
6 17 1 0
6 16 1 0
6 15 1 0
6 14 1 0
6 13 1 0
0 0
1 0
2 0
3 0
4 0
5 0
6 0
7 0
8 0
9 0
10 0
6 22 1 0
6 21 1 0
6 20 1 0
6 19 1 0
6 18 1 0
6 17 1 0
6 16 1 0
6 15 1 0
6 14 1 0
6 13 1 0
6 12 1 0
0 0
1 0
2 0
3 0
4 0
5 0
6 0
7 0
8 0
9 0
10 0
6 21 1 0
6 20 1 0
6 19 1 0
6 18 1 0
6 17 1 0
6 16 1 0
6 15 1 0
6 14 1 0
6 13 1 0
6 12 1 0
6 11 1 0
0 0
1 0
2 0
3 0
4 0
5 0
6 0
7 0
8 0
9 0
10 0
6 20 1 0
6 19 1 0
6 18 1 0
6 17 1 0
6 16 1 0
6 15 1 0
6 14 1 0
6 13 1 0
6 12 1 0
6 11 1 0
6 10 1 0
0 0
1 0
2 0
3 0
4 0
5 0
6 0
7 0
8 0
9 0
10 0
6 19 1 0
6 18 1 0
6 17 1 0
6 16 1 0
6 15 1 0
6 14 1 0
6 13 1 0
6 12 1 0
6 11 1 0
6 10 1 0
6 9 1 0
0 0
1 0
2 0
3 0
4 0
5 0
6 0
7 0
8 0
9 0
10 0
6 18 1 0
6 17 1 0
6 16 1 0
6 15 1 0
6 14 1 0
6 13 1 0
6 12 1 0
6 11 1 0
6 10 1 0
6 9 1 0
6 8 1 0
0 0
1 0
2 0
3 0
4 0
5 0
6 0
7 0
8 0
9 0
10 0
6 17 1 0
6 16 1 0
6 15 1 0
6 14 1 0
6 13 1 0
6 12 1 0
6 11 1 0
6 10 1 0
6 9 1 0
6 8 1 0
6 7 1 0
0 0
1 0
2 0
3 0
4 0
5 0
6 0
7 0
8 0
9 0
10 0
0 0
1 0.110432
2 0.220863
3 0.331295
4 0.441726
5 0.552158
6 0.662589
7 0.773021
8 0.883452
9 0.993884
10 0
0 0
1 0.242536
2 0.485071
3 0.727607
4 0.970143
5 1.21268
6 1.45521
7 1.69775
8 1.94029
9 0.970143
10 0
0 0
1 0.393919
2 0.787839
3 1.18176
4 1.57568
5 1.9696
6 2.36352
7 2.75744
8 1.83829
9 0.919145
10 0
0 0
1 0.5547
2 1.1094
3 1.6641
4 2.2188
5 2.7735
6 3.3282
7 2.49615
8 1.6641
9 0.83205
10 0
(6, 6, 5, 3.3282) (7, 6, 0, 0) (8, 6, 0, 0) (9, 6, 0, 0) (10, 6, 0, 0) 
(11, 6, 0, 0) (12, 6, 0, 0) (13, 6, 0, 0) (14, 6, 0, 0) (15, 6, 0, 0) 
(16, 6, 1, 0) (17, 6, 1, 0) (18, 6, 1, 0) (19, 6, 1, 0) (20, 6, 1, 0) 
(21, 6, 1, 0) (22, 6, 1, 0) (23, 6, 1, 0) (24, 6, 1, 0) (25, 6, 10, 3.53553) 
(25, 7, 0, 0) (25, 8, 0, 0) (25, 9, 0, 0) (25, 10, 0, 0) (25, 11, 0, 0) 
(25, 12, 0, 0) (25, 13, 0, 0) (25, 14, 0, 0) (25, 15, 0, 0) (25, 16, 1, 0) 
(25, 17, 1, 0) (25, 18, 1, 0) (25, 19, 1, 0) (25, 20, 1, 0) (25, 21, 1, 0) 
(25, 22, 1, 0) (25, 23, 1, 0) (25, 24, 1, 0) (25, 25, 1, 0) (25, 26, 1, 0) 
(25, 27, 1, 0) (25, 28, 1, 0) (25, 29, 1, 0) (25, 30, 1, 0) (25, 31, 1, 0) 
(25, 32, 1, 0) (25, 33, 1, 0) (25, 34, 1, 0) (25, 35, 10, 3.53553) (24, 35, 0, 0) 
(23, 35, 0, 0) (22, 35, 0, 0) (21, 35, 0, 0) (20, 35, 0, 0) (19, 35, 0, 0) 
(18, 35, 0, 0) (17, 35, 0, 0) (16, 35, 0, 0) (15, 35, 1, 0) (14, 35, 1, 0) 
(13, 35, 1, 0) (12, 35, 1, 0) (11, 35, 1, 0) (10, 35, 1, 0) (9, 35, 1, 0) 
(8, 35, 1, 0) (7, 35, 1, 0) (6, 35, 10, 3.53553) (6, 34, 0, 0) (6, 33, 0, 0) 
(6, 32, 0, 0) (6, 31, 0, 0) (6, 30, 0, 0) (6, 29, 0, 0) (6, 28, 0, 0) 
(6, 27, 0, 0) (6, 26, 0, 0) (6, 25, 1, 0) (6, 24, 1, 0) (6, 23, 1, 0) 
(6, 22, 1, 0) (6, 21, 1, 0) (6, 20, 1, 0) (6, 19, 1, 0) (6, 18, 1, 0) 
(6, 17, 1, 0) (6, 16, 1, 0) (6, 15, 1, 0) (6, 14, 1, 0) (6, 13, 1, 0) 
(6, 12, 1, 0) (6, 11, 1, 0) (6, 10, 1, 0) (6, 9, 1, 0) (6, 8, 1, 0) 
(6, 7, 1, 0) 