0 0
1 0
2 0
3 0
4 0
5 0
6 0
7 0
8 0
6 6 0 0
7 6 0 0
8 6 0 0
9 6 0 0
10 6 0 0
11 6 0 0
12 6 0 0
13 6 0 0
14 6 1 0
0 0
1 0
2 0
3 0
4 0
5 0
6 0
7 0
8 0
7 6 0 0
8 6 0 0
9 6 0 0
10 6 0 0
11 6 0 0
12 6 0 0
13 6 0 0
14 6 1 0
15 6 1 0
0 0
1 0
2 0
3 0
4 0
5 0
6 0
7 0
8 0
8 6 0 0
9 6 0 0
10 6 0 0
11 6 0 0
12 6 0 0
13 6 0 0
14 6 1 0
15 6 1 0
16 6 1 0
0 0
1 0
2 0
3 0
4 0
5 0
6 0
7 0
8 0
9 6 0 0
10 6 0 0
11 6 0 0
12 6 0 0
13 6 0 0
14 6 1 0
15 6 1 0
16 6 1 0
17 6 1 0
0 0
1 0
2 0
3 0
4 0
5 0
6 0
7 0
8 0
10 6 0 0
11 6 0 0
12 6 0 0
13 6 0 0
14 6 1 0
15 6 1 0
16 6 1 0
17 6 1 0
18 6 1 0
0 0
1 0
2 0
3 0
4 0
5 0
6 0
7 0
8 0
11 6 0 0
12 6 0 0
13 6 0 0
14 6 1 0
15 6 1 0
16 6 1 0
17 6 1 0
18 6 1 0
19 6 1 0
0 0
1 0
2 0
3 0
4 0
5 0
6 0
7 0
8 0
12 6 0 0
13 6 0 0
14 6 1 0
15 6 1 0
16 6 1 0
17 6 1 0
18 6 1 0
19 6 1 0
20 6 1 0
0 0
1 0
2 0
3 0
4 0
5 0
6 0
7 0
8 0
13 6 0 0
14 6 1 0
15 6 1 0
16 6 1 0
17 6 1 0
18 6 1 0
19 6 1 0
20 6 1 0
21 6 1 0
0 0
1 0
2 0
3 0
4 0
5 0
6 0
7 0
8 0
14 6 1 0
15 6 1 0
16 6 1 0
17 6 1 0
18 6 1 0
19 6 1 0
20 6 1 0
21 6 1 0
22 6 1 0
0 0
1 0
2 0
3 0
4 0
5 0
6 0
7 0
8 0
15 6 1 0
16 6 1 0
17 6 1 0
18 6 1 0
19 6 1 0
20 6 1 0
21 6 1 0
22 6 1 0
23 6 1 0
0 0
1 0
2 0
3 0
4 0
5 0
6 0
7 0
8 0
16 6 1 0
17 6 1 0
18 6 1 0
19 6 1 0
20 6 1 0
21 6 1 0
22 6 1 0
23 6 1 0
24 6 1 0
0 0
1 0
2 0
3 0
4 0
5 0
6 0
7 0
8 0
17 6 1 0
18 6 1 0
19 6 1 0
20 6 1 0
21 6 1 0
22 6 1 0
23 6 1 0
24 6 1 0
25 6 1 0
0 0
1 0.141421
2 0.282843
3 0.424264
4 0.565685
5 0.707107
6 0.848528
7 0.989949
8 0
18 6 1 0
19 6 1 0
20 6 1 0
21 6 1 0
22 6 1 0
23 6 1 0
24 6 1 0
25 6 2 0.989949
25 7 0 0
0 0
1 0.316228
2 0.632456
3 0.948683
4 1.26491
5 1.58114
6 1.89737
7 0.948683
8 0
19 6 1 0
20 6 1 0
21 6 1 0
22 6 1 0
23 6 1 0
24 6 1 0
25 6 3 1.89737
25 7 0 0
25 8 0 0
0 0
1 0.514496
2 1.02899
3 1.54349
4 2.05798
5 2.57248
6 1.71499
7 0.857493
8 0
20 6 1 0
21 6 1 0
22 6 1 0
23 6 1 0
24 6 1 0
25 6 4 2.57248
25 7 0 0
25 8 0 0
25 9 0 0
0 0
1 0.707107
2 1.41421
3 2.12132
4 2.82843
5 2.12132
6 1.41421
7 0.707107
8 0
21 6 1 0
22 6 1 0
23 6 1 0
24 6 1 0
25 6 5 2.82843
25 7 0 0
25 8 0 0
25 9 0 0
25 10 0 0
0 0
1 0.857493
2 1.71499
3 2.57248
4 2.05798
5 1.54349
6 1.02899
7 0.514496
8 0
22 6 1 0
23 6 1 0
24 6 1 0
25 6 6 2.82843
25 7 0 0
25 8 0 0
25 9 0 0
25 10 0 0
25 11 0 0
0 0
1 0.948683
2 1.89737
3 1.58114
4 1.26491
5 0.948683
6 0.632456
7 0.316228
8 0
23 6 1 0
24 6 1 0
25 6 7 2.82843
25 7 0 0
25 8 0 0
25 9 0 0
25 10 0 0
25 11 0 0
25 12 0 0
0 0
1 0.989949
2 0.848528
3 0.707107
4 0.565685
5 0.424264
6 0.282843
7 0.141421
8 0
24 6 1 0
25 6 8 2.82843
25 7 0 0
25 8 0 0
25 9 0 0
25 10 0 0
25 11 0 0
25 12 0 0
25 13 0 0
0 0
1 0
2 0
3 0
4 0
5 0
6 0
7 0
8 0
25 6 8 2.82843
25 7 0 0
25 8 0 0
25 9 0 0
25 10 0 0
25 11 0 0
25 12 0 0
25 13 0 0
25 14 1 0
0 0
1 0
2 0
3 0
4 0
5 0
6 0
7 0
8 0
25 7 0 0
25 8 0 0
25 9 0 0
25 10 0 0
25 11 0 0
25 12 0 0
25 13 0 0
25 14 1 0
25 15 1 0
0 0
1 0
2 0
3 0
4 0
5 0
6 0
7 0
8 0
25 8 0 0
25 9 0 0
25 10 0 0
25 11 0 0
25 12 0 0
25 13 0 0
25 14 1 0
25 15 1 0
25 16 1 0
0 0
1 0
2 0
3 0
4 0
5 0
6 0
7 0
8 0
25 9 0 0
25 10 0 0
25 11 0 0
25 12 0 0
25 13 0 0
25 14 1 0
25 15 1 0
25 16 1 0
25 17 1 0
0 0
1 0
2 0
3 0
4 0
5 0
6 0
7 0
8 0
25 10 0 0
25 11 0 0
25 12 0 0
25 13 0 0
25 14 1 0
25 15 1 0
25 16 1 0
25 17 1 0
25 18 1 0
0 0
1 0
2 0
3 0
4 0
5 0
6 0
7 0
8 0
25 11 0 0
25 12 0 0
25 13 0 0
25 14 1 0
25 15 1 0
25 16 1 0
25 17 1 0
25 18 1 0
25 19 1 0
0 0
1 0
2 0
3 0
4 0
5 0
6 0
7 0
8 0
25 12 0 0
25 13 0 0
25 14 1 0
25 15 1 0
25 16 1 0
25 17 1 0
25 18 1 0
25 19 1 0
25 20 1 0
0 0
1 0
2 0
3 0
4 0
5 0
6 0
7 0
8 0
25 13 0 0
25 14 1 0
25 15 1 0
25 16 1 0
25 17 1 0
25 18 1 0
25 19 1 0
25 20 1 0
25 21 1 0
0 0
1 0
2 0
3 0
4 0
5 0
6 0
7 0
8 0
25 14 1 0
25 15 1 0
25 16 1 0
25 17 1 0
25 18 1 0
25 19 1 0
25 20 1 0
25 21 1 0
25 22 1 0
0 0
1 0
2 0
3 0
4 0
5 0
6 0
7 0
8 0
25 15 1 0
25 16 1 0
25 17 1 0
25 18 1 0
25 19 1 0
25 20 1 0
25 21 1 0
25 22 1 0
25 23 1 0
0 0
1 0
2 0
3 0
4 0
5 0
6 0
7 0
8 0
25 16 1 0
25 17 1 0
25 18 1 0
25 19 1 0
25 20 1 0
25 21 1 0
25 22 1 0
25 23 1 0
25 24 1 0
0 0
1 0
2 0
3 0
4 0
5 0
6 0
7 0
8 0
25 17 1 0
25 18 1 0
25 19 1 0
25 20 1 0
25 21 1 0
25 22 1 0
25 23 1 0
25 24 1 0
25 25 1 0
0 0
1 0
2 0
3 0
4 0
5 0
6 0
7 0
8 0
25 18 1 0
25 19 1 0
25 20 1 0
25 21 1 0
25 22 1 0
25 23 1 0
25 24 1 0
25 25 1 0
25 26 1 0
0 0
1 0
2 0
3 0
4 0
5 0
6 0
7 0
8 0
25 19 1 0
25 20 1 0
25 21 1 0
25 22 1 0
25 23 1 0
25 24 1 0
25 25 1 0
25 26 1 0
25 27 1 0
0 0
1 0
2 0
3 0
4 0
5 0
6 0
7 0
8 0
25 20 1 0
25 21 1 0
25 22 1 0
25 23 1 0
25 24 1 0
25 25 1 0
25 26 1 0
25 27 1 0
25 28 1 0
0 0
1 0
2 0
3 0
4 0
5 0
6 0
7 0
8 0
25 21 1 0
25 22 1 0
25 23 1 0
25 24 1 0
25 25 1 0
25 26 1 0
25 27 1 0
25 28 1 0
25 29 1 0
0 0
1 0
2 0
3 0
4 0
5 0
6 0
7 0
8 0
25 22 1 0
25 23 1 0
25 24 1 0
25 25 1 0
25 26 1 0
25 27 1 0
25 28 1 0
25 29 1 0
25 30 1 0
0 0
1 0
2 0
3 0
4 0
5 0
6 0
7 0
8 0
25 23 1 0
25 24 1 0
25 25 1 0
25 26 1 0
25 27 1 0
25 28 1 0
25 29 1 0
25 30 1 0
25 31 1 0
0 0
1 0
2 0
3 0
4 0
5 0
6 0
7 0
8 0
25 24 1 0
25 25 1 0
25 26 1 0
25 27 1 0
25 28 1 0
25 29 1 0
25 30 1 0
25 31 1 0
25 32 1 0
0 0
1 0
2 0
3 0
4 0
5 0
6 0
7 0
8 0
25 25 1 0
25 26 1 0
25 27 1 0
25 28 1 0
25 29 1 0
25 30 1 0
25 31 1 0
25 32 1 0
25 33 1 0
0 0
1 0
2 0
3 0
4 0
5 0
6 0
7 0
8 0
25 26 1 0
25 27 1 0
25 28 1 0
25 29 1 0
25 30 1 0
25 31 1 0
25 32 1 0
25 33 1 0
25 34 1 0
0 0
1 0
2 0
3 0
4 0
5 0
6 0
7 0
8 0
25 27 1 0
25 28 1 0
25 29 1 0
25 30 1 0
25 31 1 0
25 32 1 0
25 33 1 0
25 34 1 0
25 35 1 0
0 0
1 0.141421
2 0.282843
3 0.424264
4 0.565685
5 0.707107
6 0.848528
7 0.989949
8 0
25 28 1 0
25 29 1 0
25 30 1 0
25 31 1 0
25 32 1 0
25 33 1 0
25 34 1 0
25 35 2 0.989949
24 35 0 0
0 0
1 0.316228
2 0.632456
3 0.948683
4 1.26491
5 1.58114
6 1.89737
7 0.948683
8 0
25 29 1 0
25 30 1 0
25 31 1 0
25 32 1 0
25 33 1 0
25 34 1 0
25 35 3 1.89737
24 35 0 0
23 35 0 0
0 0
1 0.514496
2 1.02899
3 1.54349
4 2.05798
5 2.57248
6 1.71499
7 0.857493
8 0
25 30 1 0
25 31 1 0
25 32 1 0
25 33 1 0
25 34 1 0
25 35 4 2.57248
24 35 0 0
23 35 0 0
22 35 0 0
0 0
1 0.707107
2 1.41421
3 2.12132
4 2.82843
5 2.12132
6 1.41421
7 0.707107
8 0
25 31 1 0
25 32 1 0
25 33 1 0
25 34 1 0
25 35 5 2.82843
24 35 0 0
23 35 0 0
22 35 0 0
21 35 0 0
0 0
1 0.857493
2 1.71499
3 2.57248
4 2.05798
5 1.54349
6 1.02899
7 0.514496
8 0
25 32 1 0
25 33 1 0
25 34 1 0
25 35 6 2.82843
24 35 0 0
23 35 0 0
22 35 0 0
21 35 0 0
20 35 0 0
0 0
1 0.948683
2 1.89737
3 1.58114
4 1.26491
5 0.948683
6 0.632456
7 0.316228
8 0
25 33 1 0
25 34 1 0
25 35 7 2.82843
24 35 0 0
23 35 0 0
22 35 0 0
21 35 0 0
20 35 0 0
19 35 0 0
0 0
1 0.989949
2 0.848528
3 0.707107
4 0.565685
5 0.424264
6 0.282843
7 0.141421
8 0
25 34 1 0
25 35 8 2.82843
24 35 0 0
23 35 0 0
22 35 0 0
21 35 0 0
20 35 0 0
19 35 0 0
18 35 0 0
0 0
1 0
2 0
3 0
4 0
5 0
6 0
7 0
8 0
25 35 8 2.82843
24 35 0 0
23 35 0 0
22 35 0 0
21 35 0 0
20 35 0 0
19 35 0 0
18 35 0 0
17 35 1 0
0 0
1 0
2 0
3 0
4 0
5 0
6 0
7 0
8 0
24 35 0 0
23 35 0 0
22 35 0 0
21 35 0 0
20 35 0 0
19 35 0 0
18 35 0 0
17 35 1 0
16 35 1 0
0 0
1 0
2 0
3 0
4 0
5 0
6 0
7 0
8 0
23 35 0 0
22 35 0 0
21 35 0 0
20 35 0 0
19 35 0 0
18 35 0 0
17 35 1 0
16 35 1 0
15 35 1 0
0 0
1 0
2 0
3 0
4 0
5 0
6 0
7 0
8 0
22 35 0 0
21 35 0 0
20 35 0 0
19 35 0 0
18 35 0 0
17 35 1 0
16 35 1 0
15 35 1 0
14 35 1 0
0 0
1 0
2 0
3 0
4 0
5 0
6 0
7 0
8 0
21 35 0 0
20 35 0 0
19 35 0 0
18 35 0 0
17 35 1 0
16 35 1 0
15 35 1 0
14 35 1 0
13 35 1 0
0 0
1 0
2 0
3 0
4 0
5 0
6 0
7 0
8 0
20 35 0 0
19 35 0 0
18 35 0 0
17 35 1 0
16 35 1 0
15 35 1 0
14 35 1 0
13 35 1 0
12 35 1 0
0 0
1 0
2 0
3 0
4 0
5 0
6 0
7 0
8 0
19 35 0 0
18 35 0 0
17 35 1 0
16 35 1 0
15 35 1 0
14 35 1 0
13 35 1 0
12 35 1 0
11 35 1 0
0 0
1 0
2 0
3 0
4 0
5 0
6 0
7 0
8 0
18 35 0 0
17 35 1 0
16 35 1 0
15 35 1 0
14 35 1 0
13 35 1 0
12 35 1 0
11 35 1 0
10 35 1 0
0 0
1 0
2 0
3 0
4 0
5 0
6 0
7 0
8 0
17 35 1 0
16 35 1 0
15 35 1 0
14 35 1 0
13 35 1 0
12 35 1 0
11 35 1 0
10 35 1 0
9 35 1 0
0 0
1 0
2 0
3 0
4 0
5 0
6 0
7 0
8 0
16 35 1 0
15 35 1 0
14 35 1 0
13 35 1 0
12 35 1 0
11 35 1 0
10 35 1 0
9 35 1 0
8 35 1 0
0 0
1 0
2 0
3 0
4 0
5 0
6 0
7 0
8 0
15 35 1 0
14 35 1 0
13 35 1 0
12 35 1 0
11 35 1 0
10 35 1 0
9 35 1 0
8 35 1 0
7 35 1 0
0 0
1 0
2 0
3 0
4 0
5 0
6 0
7 0
8 0
14 35 1 0
13 35 1 0
12 35 1 0
11 35 1 0
10 35 1 0
9 35 1 0
8 35 1 0
7 35 1 0
6 35 1 0
0 0
1 0.141421
2 0.282843
3 0.424264
4 0.565685
5 0.707107
6 0.848528
7 0.989949
8 0
13 35 1 0
12 35 1 0
11 35 1 0
10 35 1 0
9 35 1 0
8 35 1 0
7 35 1 0
6 35 2 0.989949
6 34 0 0
0 0
1 0.316228
2 0.632456
3 0.948683
4 1.26491
5 1.58114
6 1.89737
7 0.948683
8 0
12 35 1 0
11 35 1 0
10 35 1 0
9 35 1 0
8 35 1 0
7 35 1 0
6 35 3 1.89737
6 34 0 0
6 33 0 0
0 0
1 0.514496
2 1.02899
3 1.54349
4 2.05798
5 2.57248
6 1.71499
7 0.857493
8 0
11 35 1 0
10 35 1 0
9 35 1 0
8 35 1 0
7 35 1 0
6 35 4 2.57248
6 34 0 0
6 33 0 0
6 32 0 0
0 0
1 0.707107
2 1.41421
3 2.12132
4 2.82843
5 2.12132
6 1.41421
7 0.707107
8 0
10 35 1 0
9 35 1 0
8 35 1 0
7 35 1 0
6 35 5 2.82843
6 34 0 0
6 33 0 0
6 32 0 0
6 31 0 0
0 0
1 0.857493
2 1.71499
3 2.57248
4 2.05798
5 1.54349
6 1.02899
7 0.514496
8 0
9 35 1 0
8 35 1 0
7 35 1 0
6 35 6 2.82843
6 34 0 0
6 33 0 0
6 32 0 0
6 31 0 0
6 30 0 0
0 0
1 0.948683
2 1.89737
3 1.58114
4 1.26491
5 0.948683
6 0.632456
7 0.316228
8 0
8 35 1 0
7 35 1 0
6 35 7 2.82843
6 34 0 0
6 33 0 0
6 32 0 0
6 31 0 0
6 30 0 0
6 29 0 0
0 0
1 0.989949
2 0.848528
3 0.707107
4 0.565685
5 0.424264
6 0.282843
7 0.141421
8 0
7 35 1 0
6 35 8 2.82843
6 34 0 0
6 33 0 0
6 32 0 0
6 31 0 0
6 30 0 0
6 29 0 0
6 28 0 0
0 0
1 0
2 0
3 0
4 0
5 0
6 0
7 0
8 0
6 35 8 2.82843
6 34 0 0
6 33 0 0
6 32 0 0
6 31 0 0
6 30 0 0
6 29 0 0
6 28 0 0
6 27 1 0
0 0
1 0
2 0
3 0
4 0
5 0
6 0
7 0
8 0
6 34 0 0
6 33 0 0
6 32 0 0
6 31 0 0
6 30 0 0
6 29 0 0
6 28 0 0
6 27 1 0
6 26 1 0
0 0
1 0
2 0
3 0
4 0
5 0
6 0
7 0
8 0
6 33 0 0
6 32 0 0
6 31 0 0
6 30 0 0
6 29 0 0
6 28 0 0
6 27 1 0
6 26 1 0
6 25 1 0
0 0
1 0
2 0
3 0
4 0
5 0
6 0
7 0
8 0
6 32 0 0
6 31 0 0
6 30 0 0
6 29 0 0
6 28 0 0
6 27 1 0
6 26 1 0
6 25 1 0
6 24 1 0
0 0
1 0
2 0
3 0
4 0
5 0
6 0
7 0
8 0
6 31 0 0
6 30 0 0
6 29 0 0
6 28 0 0
6 27 1 0
6 26 1 0
6 25 1 0
6 24 1 0
6 23 1 0
0 0
1 0
2 0
3 0
4 0
5 0
6 0
7 0
8 0
6 30 0 0
6 29 0 0
6 28 0 0
6 27 1 0
6 26 1 0
6 25 1 0
6 24 1 0
6 23 1 0
6 22 1 0
0 0
1 0
2 0
3 0
4 0
5 0
6 0
7 0
8 0
6 29 0 0
6 28 0 0
6 27 1 0
6 26 1 0
6 25 1 0
6 24 1 0
6 23 1 0
6 22 1 0
6 21 1 0
0 0
1 0
2 0
3 0
4 0
5 0
6 0
7 0
8 0
6 28 0 0
6 27 1 0
6 26 1 0
6 25 1 0
6 24 1 0
6 23 1 0
6 22 1 0
6 21 1 0
6 20 1 0
0 0
1 0
2 0
3 0
4 0
5 0
6 0
7 0
8 0
6 27 1 0
6 26 1 0
6 25 1 0
6 24 1 0
6 23 1 0
6 22 1 0
6 21 1 0
6 20 1 0
6 19 1 0
0 0
1 0
2 0
3 0
4 0
5 0
6 0
7 0
8 0
6 26 1 0
6 25 1 0
6 24 1 0
6 23 1 0
6 22 1 0
6 21 1 0
6 20 1 0
6 19 1 0
6 18 1 0
0 0
1 0
2 0
3 0
4 0
5 0
6 0
7 0
8 0
6 25 1 0
6 24 1 0
6 23 1 0
6 22 1 0
6 21 1 0
6 20 1 0
6 19 1 0
6 18 1 0
6 17 1 0
0 0
1 0
2 0
3 0
4 0
5 0
6 0
7 0
8 0
6 24 1 0
6 23 1 0
6 22 1 0
6 21 1 0
6 20 1 0
6 19 1 0
6 18 1 0
6 17 1 0
6 16 1 0
0 0
1 0
2 0
3 0
4 0
5 0
6 0
7 0
8 0
6 23 1 0
6 22 1 0
6 21 1 0
6 20 1 0
6 19 1 0
6 18 1 0
6 17 1 0
6 16 1 0
6 15 1 0
0 0
1 0
2 0
3 0
4 0
5 0
6 0
7 0
8 0
6 22 1 0
6 21 1 0
6 20 1 0
6 19 1 0
6 18 1 0
6 17 1 0
6 16 1 0
6 15 1 0
6 14 1 0
0 0
1 0
2 0
3 0
4 0
5 0
6 0
7 0
8 0
6 21 1 0
6 20 1 0
6 19 1 0
6 18 1 0
6 17 1 0
6 16 1 0
6 15 1 0
6 14 1 0
6 13 1 0
0 0
1 0
2 0
3 0
4 0
5 0
6 0
7 0
8 0
6 20 1 0
6 19 1 0
6 18 1 0
6 17 1 0
6 16 1 0
6 15 1 0
6 14 1 0
6 13 1 0
6 12 1 0
0 0
1 0
2 0
3 0
4 0
5 0
6 0
7 0
8 0
6 19 1 0
6 18 1 0
6 17 1 0
6 16 1 0
6 15 1 0
6 14 1 0
6 13 1 0
6 12 1 0
6 11 1 0
0 0
1 0
2 0
3 0
4 0
5 0
6 0
7 0
8 0
6 18 1 0
6 17 1 0
6 16 1 0
6 15 1 0
6 14 1 0
6 13 1 0
6 12 1 0
6 11 1 0
6 10 1 0
0 0
1 0
2 0
3 0
4 0
5 0
6 0
7 0
8 0
6 17 1 0
6 16 1 0
6 15 1 0
6 14 1 0
6 13 1 0
6 12 1 0
6 11 1 0
6 10 1 0
6 9 1 0
0 0
1 0
2 0
3 0
4 0
5 0
6 0
7 0
8 0
6 16 1 0
6 15 1 0
6 14 1 0
6 13 1 0
6 12 1 0
6 11 1 0
6 10 1 0
6 9 1 0
6 8 1 0
0 0
1 0
2 0
3 0
4 0
5 0
6 0
7 0
8 0
6 15 1 0
6 14 1 0
6 13 1 0
6 12 1 0
6 11 1 0
6 10 1 0
6 9 1 0
6 8 1 0
6 7 1 0
0 0
1 0
2 0
3 0
4 0
5 0
6 0
7 0
8 0
0 0
1 0.141421
2 0.282843
3 0.424264
4 0.565685
5 0.707107
6 0.848528
7 0.989949
8 0
0 0
1 0.316228
2 0.632456
3 0.948683
4 1.26491
5 1.58114
6 1.89737
7 0.948683
8 0
0 0
1 0.514496
2 1.02899
3 1.54349
4 2.05798
5 2.57248
6 1.71499
7 0.857493
8 0
(6, 6, 4, 2.57248) (7, 6, 0, 0) (8, 6, 0, 0) (9, 6, 0, 0) (10, 6, 0, 0) 
(11, 6, 0, 0) (12, 6, 0, 0) (13, 6, 0, 0) (14, 6, 1, 0) (15, 6, 1, 0) 
(16, 6, 1, 0) (17, 6, 1, 0) (18, 6, 1, 0) (19, 6, 1, 0) (20, 6, 1, 0) 
(21, 6, 1, 0) (22, 6, 1, 0) (23, 6, 1, 0) (24, 6, 1, 0) (25, 6, 8, 2.82843) 
(25, 7, 0, 0) (25, 8, 0, 0) (25, 9, 0, 0) (25, 10, 0, 0) (25, 11, 0, 0) 
(25, 12, 0, 0) (25, 13, 0, 0) (25, 14, 1, 0) (25, 15, 1, 0) (25, 16, 1, 0) 
(25, 17, 1, 0) (25, 18, 1, 0) (25, 19, 1, 0) (25, 20, 1, 0) (25, 21, 1, 0) 
(25, 22, 1, 0) (25, 23, 1, 0) (25, 24, 1, 0) (25, 25, 1, 0) (25, 26, 1, 0) 
(25, 27, 1, 0) (25, 28, 1, 0) (25, 29, 1, 0) (25, 30, 1, 0) (25, 31, 1, 0) 
(25, 32, 1, 0) (25, 33, 1, 0) (25, 34, 1, 0) (25, 35, 8, 2.82843) (24, 35, 0, 0) 
(23, 35, 0, 0) (22, 35, 0, 0) (21, 35, 0, 0) (20, 35, 0, 0) (19, 35, 0, 0) 
(18, 35, 0, 0) (17, 35, 1, 0) (16, 35, 1, 0) (15, 35, 1, 0) (14, 35, 1, 0) 
(13, 35, 1, 0) (12, 35, 1, 0) (11, 35, 1, 0) (10, 35, 1, 0) (9, 35, 1, 0) 
(8, 35, 1, 0) (7, 35, 1, 0) (6, 35, 8, 2.82843) (6, 34, 0, 0) (6, 33, 0, 0) 
(6, 32, 0, 0) (6, 31, 0, 0) (6, 30, 0, 0) (6, 29, 0, 0) (6, 28, 0, 0) 
(6, 27, 1, 0) (6, 26, 1, 0) (6, 25, 1, 0) (6, 24, 1, 0) (6, 23, 1, 0) 
(6, 22, 1, 0) (6, 21, 1, 0) (6, 20, 1, 0) (6, 19, 1, 0) (6, 18, 1, 0) 
(6, 17, 1, 0) (6, 16, 1, 0) (6, 15, 1, 0) (6, 14, 1, 0) (6, 13, 1, 0) 
(6, 12, 1, 0) (6, 11, 1, 0) (6, 10, 1, 0) (6, 9, 1, 0) (6, 8, 1, 0) 
(6, 7, 1, 0) 