0 0
1 0
2 0
3 0
4 0
5 0
6 0
7 0
8 0
9 0
10 0
1 20 0 0
2 19 0 0
3 18 0 0
4 17 0 0
5 16 0 0
6 15 0 0
7 14 0 0
8 13 0 0
9 12 0 0
10 11 0 0
11 10 1 0
0 0
1 0
2 0
3 0
4 0
5 0
6 0
7 0
8 0
9 0
10 0
2 19 0 0
3 18 0 0
4 17 0 0
5 16 0 0
6 15 0 0
7 14 0 0
8 13 0 0
9 12 0 0
10 11 0 0
11 10 1 0
12 9 1 0
0 0
1 0
2 0
3 0
4 0
5 0
6 0
7 0
8 0
9 0
10 0
3 18 0 0
4 17 0 0
5 16 0 0
6 15 0 0
7 14 0 0
8 13 0 0
9 12 0 0
10 11 0 0
11 10 1 0
12 9 1 0
13 8 1 0
0 0
1 0
2 0
3 0
4 0
5 0
6 0
7 0
8 0
9 0
10 0
4 17 0 0
5 16 0 0
6 15 0 0
7 14 0 0
8 13 0 0
9 12 0 0
10 11 0 0
11 10 1 0
12 9 1 0
13 8 1 0
14 7 1 0
0 0
1 0
2 0
3 0
4 0
5 0
6 0
7 0
8 0
9 0
10 0
5 16 0 0
6 15 0 0
7 14 0 0
8 13 0 0
9 12 0 0
10 11 0 0
11 10 1 0
12 9 1 0
13 8 1 0
14 7 1 0
15 6 1 0
0 0
1 0.156174
2 0.312348
3 0.468521
4 0.624695
5 0.780869
6 0.937043
7 1.09322
8 1.24939
9 1.40556
10 0
6 15 0 0
7 14 0 0
8 13 0 0
9 12 0 0
10 11 0 0
11 10 1 0
12 9 1 0
13 8 1 0
14 7 1 0
15 6 2 1.40556
16 7 0 0
0 0
1 0.342997
2 0.685994
3 1.02899
4 1.37199
5 1.71499
6 2.05798
7 2.40098
8 2.74398
9 1.37199
10 0
7 14 0 0
8 13 0 0
9 12 0 0
10 11 0 0
11 10 1 0
12 9 1 0
13 8 1 0
14 7 1 0
15 6 3 2.74398
16 7 0 0
17 8 0 0
0 0
1 0.557086
2 1.11417
3 1.67126
4 2.22834
5 2.78543
6 3.34252
7 3.8996
8 2.59973
9 1.29987
10 0
8 13 0 0
9 12 0 0
10 11 0 0
11 10 1 0
12 9 1 0
13 8 1 0
14 7 1 0
15 6 4 3.8996
16 7 0 0
17 8 0 0
18 9 0 0
0 0
1 0.784465
2 1.56893
3 2.35339
4 3.13786
5 3.92232
6 4.70679
7 3.53009
8 2.35339
9 1.1767
10 0
9 12 0 0
10 11 0 0
11 10 1 0
12 9 1 0
13 8 1 0
14 7 1 0
15 6 5 4.70679
16 7 0 0
17 8 0 0
18 9 0 0
19 10 0 0
0 0
1 1
2 2
3 3
4 4
5 5
6 4
7 3
8 2
9 1
10 0
10 11 0 0
11 10 1 0
12 9 1 0
13 8 1 0
14 7 1 0
15 6 6 5
16 7 0 0
17 8 0 0
18 9 0 0
19 10 0 0
20 11 0 0
0 0
1 1.1767
2 2.35339
3 3.53009
4 4.70679
5 3.92232
6 3.13786
7 2.35339
8 1.56893
9 0.784465
10 0
11 10 1 0
12 9 1 0
13 8 1 0
14 7 1 0
15 6 7 5
16 7 0 0
17 8 0 0
18 9 0 0
19 10 0 0
20 11 0 0
21 12 0 0
0 0
1 1.29987
2 2.59973
3 3.8996
4 3.34252
5 2.78543
6 2.22834
7 1.67126
8 1.11417
9 0.557086
10 0
12 9 1 0
13 8 1 0
14 7 1 0
15 6 8 5
16 7 0 0
17 8 0 0
18 9 0 0
19 10 0 0
20 11 0 0
21 12 0 0
22 13 0 0
0 0
1 1.37199
2 2.74398
3 2.40098
4 2.05798
5 1.71499
6 1.37199
7 1.02899
8 0.685994
9 0.342997
10 0
13 8 1 0
14 7 1 0
15 6 9 5
16 7 0 0
17 8 0 0
18 9 0 0
19 10 0 0
20 11 0 0
21 12 0 0
22 13 0 0
23 14 0 0
0 0
1 1.40556
2 1.24939
3 1.09322
4 0.937043
5 0.780869
6 0.624695
7 0.468521
8 0.312348
9 0.156174
10 0
14 7 1 0
15 6 10 5
16 7 0 0
17 8 0 0
18 9 0 0
19 10 0 0
20 11 0 0
21 12 0 0
22 13 0 0
23 14 0 0
24 15 0 0
0 0
1 0
2 0
3 0
4 0
5 0
6 0
7 0
8 0
9 0
10 0
15 6 10 5
16 7 0 0
17 8 0 0
18 9 0 0
19 10 0 0
20 11 0 0
21 12 0 0
22 13 0 0
23 14 0 0
24 15 0 0
25 16 1 0
0 0
1 0
2 0
3 0
4 0
5 0
6 0
7 0
8 0
9 0
10 0
16 7 0 0
17 8 0 0
18 9 0 0
19 10 0 0
20 11 0 0
21 12 0 0
22 13 0 0
23 14 0 0
24 15 0 0
25 16 1 0
26 17 1 0
0 0
1 0
2 0
3 0
4 0
5 0
6 0
7 0
8 0
9 0
10 0
17 8 0 0
18 9 0 0
19 10 0 0
20 11 0 0
21 12 0 0
22 13 0 0
23 14 0 0
24 15 0 0
25 16 1 0
26 17 1 0
27 18 1 0
0 0
1 0
2 0
3 0
4 0
5 0
6 0
7 0
8 0
9 0
10 0
18 9 0 0
19 10 0 0
20 11 0 0
21 12 0 0
22 13 0 0
23 14 0 0
24 15 0 0
25 16 1 0
26 17 1 0
27 18 1 0
28 19 1 0
0 0
1 0
2 0
3 0
4 0
5 0
6 0
7 0
8 0
9 0
10 0
19 10 0 0
20 11 0 0
21 12 0 0
22 13 0 0
23 14 0 0
24 15 0 0
25 16 1 0
26 17 1 0
27 18 1 0
28 19 1 0
29 20 1 0
0 0
1 0.156174
2 0.312348
3 0.468521
4 0.624695
5 0.780869
6 0.937043
7 1.09322
8 1.24939
9 1.40556
10 0
20 11 0 0
21 12 0 0
22 13 0 0
23 14 0 0
24 15 0 0
25 16 1 0
26 17 1 0
27 18 1 0
28 19 1 0
29 20 2 1.40556
28 21 0 0
0 0
1 0.342997
2 0.685994
3 1.02899
4 1.37199
5 1.71499
6 2.05798
7 2.40098
8 2.74398
9 1.37199
10 0
21 12 0 0
22 13 0 0
23 14 0 0
24 15 0 0
25 16 1 0
26 17 1 0
27 18 1 0
28 19 1 0
29 20 3 2.74398
28 21 0 0
27 22 0 0
0 0
1 0.557086
2 1.11417
3 1.67126
4 2.22834
5 2.78543
6 3.34252
7 3.8996
8 2.59973
9 1.29987
10 0
22 13 0 0
23 14 0 0
24 15 0 0
25 16 1 0
26 17 1 0
27 18 1 0
28 19 1 0
29 20 4 3.8996
28 21 0 0
27 22 0 0
26 23 0 0
0 0
1 0.784465
2 1.56893
3 2.35339
4 3.13786
5 3.92232
6 4.70679
7 3.53009
8 2.35339
9 1.1767
10 0
23 14 0 0
24 15 0 0
25 16 1 0
26 17 1 0
27 18 1 0
28 19 1 0
29 20 5 4.70679
28 21 0 0
27 22 0 0
26 23 0 0
25 24 0 0
0 0
1 1
2 2
3 3
4 4
5 5
6 4
7 3
8 2
9 1
10 0
24 15 0 0
25 16 1 0
26 17 1 0
27 18 1 0
28 19 1 0
29 20 6 5
28 21 0 0
27 22 0 0
26 23 0 0
25 24 0 0
24 25 0 0
0 0
1 1.1767
2 2.35339
3 3.53009
4 4.70679
5 3.92232
6 3.13786
7 2.35339
8 1.56893
9 0.784465
10 0
25 16 1 0
26 17 1 0
27 18 1 0
28 19 1 0
29 20 7 5
28 21 0 0
27 22 0 0
26 23 0 0
25 24 0 0
24 25 0 0
23 26 0 0
0 0
1 1.29987
2 2.59973
3 3.8996
4 3.34252
5 2.78543
6 2.22834
7 1.67126
8 1.11417
9 0.557086
10 0
26 17 1 0
27 18 1 0
28 19 1 0
29 20 8 5
28 21 0 0
27 22 0 0
26 23 0 0
25 24 0 0
24 25 0 0
23 26 0 0
22 27 0 0
0 0
1 1.37199
2 2.74398
3 2.40098
4 2.05798
5 1.71499
6 1.37199
7 1.02899
8 0.685994
9 0.342997
10 0
27 18 1 0
28 19 1 0
29 20 9 5
28 21 0 0
27 22 0 0
26 23 0 0
25 24 0 0
24 25 0 0
23 26 0 0
22 27 0 0
21 28 0 0
0 0
1 1.40556
2 1.24939
3 1.09322
4 0.937043
5 0.780869
6 0.624695
7 0.468521
8 0.312348
9 0.156174
10 0
28 19 1 0
29 20 10 5
28 21 0 0
27 22 0 0
26 23 0 0
25 24 0 0
24 25 0 0
23 26 0 0
22 27 0 0
21 28 0 0
20 29 0 0
0 0
1 0
2 0
3 0
4 0
5 0
6 0
7 0
8 0
9 0
10 0
29 20 10 5
28 21 0 0
27 22 0 0
26 23 0 0
25 24 0 0
24 25 0 0
23 26 0 0
22 27 0 0
21 28 0 0
20 29 0 0
19 30 1 0
0 0
1 0
2 0
3 0
4 0
5 0
6 0
7 0
8 0
9 0
10 0
28 21 0 0
27 22 0 0
26 23 0 0
25 24 0 0
24 25 0 0
23 26 0 0
22 27 0 0
21 28 0 0
20 29 0 0
19 30 1 0
18 31 1 0
0 0
1 0
2 0
3 0
4 0
5 0
6 0
7 0
8 0
9 0
10 0
27 22 0 0
26 23 0 0
25 24 0 0
24 25 0 0
23 26 0 0
22 27 0 0
21 28 0 0
20 29 0 0
19 30 1 0
18 31 1 0
17 32 1 0
0 0
1 0
2 0
3 0
4 0
5 0
6 0
7 0
8 0
9 0
10 0
26 23 0 0
25 24 0 0
24 25 0 0
23 26 0 0
22 27 0 0
21 28 0 0
20 29 0 0
19 30 1 0
18 31 1 0
17 32 1 0
16 33 1 0
0 0
1 0
2 0
3 0
4 0
5 0
6 0
7 0
8 0
9 0
10 0
25 24 0 0
24 25 0 0
23 26 0 0
22 27 0 0
21 28 0 0
20 29 0 0
19 30 1 0
18 31 1 0
17 32 1 0
16 33 1 0
15 34 1 0
0 0
1 0.156174
2 0.312348
3 0.468521
4 0.624695
5 0.780869
6 0.937043
7 1.09322
8 1.24939
9 1.40556
10 0
24 25 0 0
23 26 0 0
22 27 0 0
21 28 0 0
20 29 0 0
19 30 1 0
18 31 1 0
17 32 1 0
16 33 1 0
15 34 2 1.40556
14 33 0 0
0 0
1 0.342997
2 0.685994
3 1.02899
4 1.37199
5 1.71499
6 2.05798
7 2.40098
8 2.74398
9 1.37199
10 0
23 26 0 0
22 27 0 0
21 28 0 0
20 29 0 0
19 30 1 0
18 31 1 0
17 32 1 0
16 33 1 0
15 34 3 2.74398
14 33 0 0
13 32 0 0
0 0
1 0.557086
2 1.11417
3 1.67126
4 2.22834
5 2.78543
6 3.34252
7 3.8996
8 2.59973
9 1.29987
10 0
22 27 0 0
21 28 0 0
20 29 0 0
19 30 1 0
18 31 1 0
17 32 1 0
16 33 1 0
15 34 4 3.8996
14 33 0 0
13 32 0 0
12 31 0 0
0 0
1 0.784465
2 1.56893
3 2.35339
4 3.13786
5 3.92232
6 4.70679
7 3.53009
8 2.35339
9 1.1767
10 0
21 28 0 0
20 29 0 0
19 30 1 0
18 31 1 0
17 32 1 0
16 33 1 0
15 34 5 4.70679
14 33 0 0
13 32 0 0
12 31 0 0
11 30 0 0
0 0
1 1
2 2
3 3
4 4
5 5
6 4
7 3
8 2
9 1
10 0
20 29 0 0
19 30 1 0
18 31 1 0
17 32 1 0
16 33 1 0
15 34 6 5
14 33 0 0
13 32 0 0
12 31 0 0
11 30 0 0
10 29 0 0
0 0
1 1.1767
2 2.35339
3 3.53009
4 4.70679
5 3.92232
6 3.13786
7 2.35339
8 1.56893
9 0.784465
10 0
19 30 1 0
18 31 1 0
17 32 1 0
16 33 1 0
15 34 7 5
14 33 0 0
13 32 0 0
12 31 0 0
11 30 0 0
10 29 0 0
9 28 0 0
0 0
1 1.29987
2 2.59973
3 3.8996
4 3.34252
5 2.78543
6 2.22834
7 1.67126
8 1.11417
9 0.557086
10 0
18 31 1 0
17 32 1 0
16 33 1 0
15 34 8 5
14 33 0 0
13 32 0 0
12 31 0 0
11 30 0 0
10 29 0 0
9 28 0 0
8 27 0 0
0 0
1 1.37199
2 2.74398
3 2.40098
4 2.05798
5 1.71499
6 1.37199
7 1.02899
8 0.685994
9 0.342997
10 0
17 32 1 0
16 33 1 0
15 34 9 5
14 33 0 0
13 32 0 0
12 31 0 0
11 30 0 0
10 29 0 0
9 28 0 0
8 27 0 0
7 26 0 0
0 0
1 1.40556
2 1.24939
3 1.09322
4 0.937043
5 0.780869
6 0.624695
7 0.468521
8 0.312348
9 0.156174
10 0
16 33 1 0
15 34 10 5
14 33 0 0
13 32 0 0
12 31 0 0
11 30 0 0
10 29 0 0
9 28 0 0
8 27 0 0
7 26 0 0
6 25 0 0
0 0
1 0
2 0
3 0
4 0
5 0
6 0
7 0
8 0
9 0
10 0
15 34 10 5
14 33 0 0
13 32 0 0
12 31 0 0
11 30 0 0
10 29 0 0
9 28 0 0
8 27 0 0
7 26 0 0
6 25 0 0
5 24 1 0
0 0
1 0
2 0
3 0
4 0
5 0
6 0
7 0
8 0
9 0
10 0
14 33 0 0
13 32 0 0
12 31 0 0
11 30 0 0
10 29 0 0
9 28 0 0
8 27 0 0
7 26 0 0
6 25 0 0
5 24 1 0
4 23 1 0
0 0
1 0
2 0
3 0
4 0
5 0
6 0
7 0
8 0
9 0
10 0
13 32 0 0
12 31 0 0
11 30 0 0
10 29 0 0
9 28 0 0
8 27 0 0
7 26 0 0
6 25 0 0
5 24 1 0
4 23 1 0
3 22 1 0
0 0
1 0
2 0
3 0
4 0
5 0
6 0
7 0
8 0
9 0
10 0
12 31 0 0
11 30 0 0
10 29 0 0
9 28 0 0
8 27 0 0
7 26 0 0
6 25 0 0
5 24 1 0
4 23 1 0
3 22 1 0
2 21 1 0
0 0
1 0
2 0
3 0
4 0
5 0
6 0
7 0
8 0
9 0
10 0
0 0
1 0.156174
2 0.312348
3 0.468521
4 0.624695
5 0.780869
6 0.937043
7 1.09322
8 1.24939
9 1.40556
10 0
0 0
1 0.342997
2 0.685994
3 1.02899
4 1.37199
5 1.71499
6 2.05798
7 2.40098
8 2.74398
9 1.37199
10 0
0 0
1 0.557086
2 1.11417
3 1.67126
4 2.22834
5 2.78543
6 3.34252
7 3.8996
8 2.59973
9 1.29987
10 0
0 0
1 0.784465
2 1.56893
3 2.35339
4 3.13786
5 3.92232
6 4.70679
7 3.53009
8 2.35339
9 1.1767
10 0
(1, 20, 5, 4.70679) (2, 19, 0, 0) (3, 18, 0, 0) (4, 17, 0, 0) (5, 16, 0, 0) 
(6, 15, 0, 0) (7, 14, 0, 0) (8, 13, 0, 0) (9, 12, 0, 0) (10, 11, 0, 0) 
(11, 10, 1, 0) (12, 9, 1, 0) (13, 8, 1, 0) (14, 7, 1, 0) (15, 6, 10, 5) 
(16, 7, 0, 0) (17, 8, 0, 0) (18, 9, 0, 0) (19, 10, 0, 0) (20, 11, 0, 0) 
(21, 12, 0, 0) (22, 13, 0, 0) (23, 14, 0, 0) (24, 15, 0, 0) (25, 16, 1, 0) 
(26, 17, 1, 0) (27, 18, 1, 0) (28, 19, 1, 0) (29, 20, 10, 5) (28, 21, 0, 0) 
(27, 22, 0, 0) (26, 23, 0, 0) (25, 24, 0, 0) (24, 25, 0, 0) (23, 26, 0, 0) 
(22, 27, 0, 0) (21, 28, 0, 0) (20, 29, 0, 0) (19, 30, 1, 0) (18, 31, 1, 0) 
(17, 32, 1, 0) (16, 33, 1, 0) (15, 34, 10, 5) (14, 33, 0, 0) (13, 32, 0, 0) 
(12, 31, 0, 0) (11, 30, 0, 0) (10, 29, 0, 0) (9, 28, 0, 0) (8, 27, 0, 0) 
(7, 26, 0, 0) (6, 25, 0, 0) (5, 24, 1, 0) (4, 23, 1, 0) (3, 22, 1, 0) 
(2, 21, 1, 0) 