0 0
1 0
2 0
3 0
4 0
5 0
6 0
7 0
8 0
9 0
10 0
11 0
12 0
1 20 0 0
2 19 0 0
3 18 0 0
4 17 0 0
5 16 0 0
6 15 0 0
7 14 0 0
8 13 0 0
9 12 0 0
10 11 0 0
11 10 0 0
12 9 0 0
13 8 1 0
0 0
1 0
2 0
3 0
4 0
5 0
6 0
7 0
8 0
9 0
10 0
11 0
12 0
2 19 0 0
3 18 0 0
4 17 0 0
5 16 0 0
6 15 0 0
7 14 0 0
8 13 0 0
9 12 0 0
10 11 0 0
11 10 0 0
12 9 0 0
13 8 1 0
14 7 1 0
0 0
1 0
2 0
3 0
4 0
5 0
6 0
7 0
8 0
9 0
10 0
11 0
12 0
3 18 0 0
4 17 0 0
5 16 0 0
6 15 0 0
7 14 0 0
8 13 0 0
9 12 0 0
10 11 0 0
11 10 0 0
12 9 0 0
13 8 1 0
14 7 1 0
15 6 1 0
0 0
1 0.128037
2 0.256074
3 0.384111
4 0.512148
5 0.640184
6 0.768221
7 0.896258
8 1.0243
9 1.15233
10 1.28037
11 1.40841
12 0
4 17 0 0
5 16 0 0
6 15 0 0
7 14 0 0
8 13 0 0
9 12 0 0
10 11 0 0
11 10 0 0
12 9 0 0
13 8 1 0
14 7 1 0
15 6 2 1.40841
16 7 0 0
0 0
1 0.27735
2 0.5547
3 0.83205
4 1.1094
5 1.38675
6 1.6641
7 1.94145
8 2.2188
9 2.49615
10 2.7735
11 1.38675
12 0
5 16 0 0
6 15 0 0
7 14 0 0
8 13 0 0
9 12 0 0
10 11 0 0
11 10 0 0
12 9 0 0
13 8 1 0
14 7 1 0
15 6 3 2.7735
16 7 0 0
17 8 0 0
0 0
1 0.447214
2 0.894427
3 1.34164
4 1.78885
5 2.23607
6 2.68328
7 3.1305
8 3.57771
9 4.02492
10 2.68328
11 1.34164
12 0
6 15 0 0
7 14 0 0
8 13 0 0
9 12 0 0
10 11 0 0
11 10 0 0
12 9 0 0
13 8 1 0
14 7 1 0
15 6 4 4.02492
16 7 0 0
17 8 0 0
18 9 0 0
0 0
1 0.632456
2 1.26491
3 1.89737
4 2.52982
5 3.16228
6 3.79473
7 4.42719
8 5.05964
9 3.79473
10 2.52982
11 1.26491
12 0
7 14 0 0
8 13 0 0
9 12 0 0
10 11 0 0
11 10 0 0
12 9 0 0
13 8 1 0
14 7 1 0
15 6 5 5.05964
16 7 0 0
17 8 0 0
18 9 0 0
19 10 0 0
0 0
1 0.821995
2 1.64399
3 2.46598
4 3.28798
5 4.10997
6 4.93197
7 5.75396
8 4.60317
9 3.45238
10 2.30159
11 1.15079
12 0
8 13 0 0
9 12 0 0
10 11 0 0
11 10 0 0
12 9 0 0
13 8 1 0
14 7 1 0
15 6 6 5.75396
16 7 0 0
17 8 0 0
18 9 0 0
19 10 0 0
20 11 0 0
0 0
1 1
2 2
3 3
4 4
5 5
6 6
7 5
8 4
9 3
10 2
11 1
12 0
9 12 0 0
10 11 0 0
11 10 0 0
12 9 0 0
13 8 1 0
14 7 1 0
15 6 7 6
16 7 0 0
17 8 0 0
18 9 0 0
19 10 0 0
20 11 0 0
21 12 0 0
0 0
1 1.15079
2 2.30159
3 3.45238
4 4.60317
5 5.75396
6 4.93197
7 4.10997
8 3.28798
9 2.46598
10 1.64399
11 0.821995
12 0
10 11 0 0
11 10 0 0
12 9 0 0
13 8 1 0
14 7 1 0
15 6 8 6
16 7 0 0
17 8 0 0
18 9 0 0
19 10 0 0
20 11 0 0
21 12 0 0
22 13 0 0
0 0
1 1.26491
2 2.52982
3 3.79473
4 5.05964
5 4.42719
6 3.79473
7 3.16228
8 2.52982
9 1.89737
10 1.26491
11 0.632456
12 0
11 10 0 0
12 9 0 0
13 8 1 0
14 7 1 0
15 6 9 6
16 7 0 0
17 8 0 0
18 9 0 0
19 10 0 0
20 11 0 0
21 12 0 0
22 13 0 0
23 14 0 0
0 0
1 1.34164
2 2.68328
3 4.02492
4 3.57771
5 3.1305
6 2.68328
7 2.23607
8 1.78885
9 1.34164
10 0.894427
11 0.447214
12 0
12 9 0 0
13 8 1 0
14 7 1 0
15 6 10 6
16 7 0 0
17 8 0 0
18 9 0 0
19 10 0 0
20 11 0 0
21 12 0 0
22 13 0 0
23 14 0 0
24 15 0 0
0 0
1 1.38675
2 2.7735
3 2.49615
4 2.2188
5 1.94145
6 1.6641
7 1.38675
8 1.1094
9 0.83205
10 0.5547
11 0.27735
12 0
13 8 1 0
14 7 1 0
15 6 11 6
16 7 0 0
17 8 0 0
18 9 0 0
19 10 0 0
20 11 0 0
21 12 0 0
22 13 0 0
23 14 0 0
24 15 0 0
25 16 0 0
0 0
1 1.40841
2 1.28037
3 1.15233
4 1.0243
5 0.896258
6 0.768221
7 0.640184
8 0.512148
9 0.384111
10 0.256074
11 0.128037
12 0
14 7 1 0
15 6 12 6
16 7 0 0
17 8 0 0
18 9 0 0
19 10 0 0
20 11 0 0
21 12 0 0
22 13 0 0
23 14 0 0
24 15 0 0
25 16 0 0
26 17 0 0
0 0
1 0
2 0
3 0
4 0
5 0
6 0
7 0
8 0
9 0
10 0
11 0
12 0
15 6 12 6
16 7 0 0
17 8 0 0
18 9 0 0
19 10 0 0
20 11 0 0
21 12 0 0
22 13 0 0
23 14 0 0
24 15 0 0
25 16 0 0
26 17 0 0
27 18 1 0
0 0
1 0
2 0
3 0
4 0
5 0
6 0
7 0
8 0
9 0
10 0
11 0
12 0
16 7 0 0
17 8 0 0
18 9 0 0
19 10 0 0
20 11 0 0
21 12 0 0
22 13 0 0
23 14 0 0
24 15 0 0
25 16 0 0
26 17 0 0
27 18 1 0
28 19 1 0
0 0
1 0
2 0
3 0
4 0
5 0
6 0
7 0
8 0
9 0
10 0
11 0
12 0
17 8 0 0
18 9 0 0
19 10 0 0
20 11 0 0
21 12 0 0
22 13 0 0
23 14 0 0
24 15 0 0
25 16 0 0
26 17 0 0
27 18 1 0
28 19 1 0
29 20 1 0
0 0
1 0.128037
2 0.256074
3 0.384111
4 0.512148
5 0.640184
6 0.768221
7 0.896258
8 1.0243
9 1.15233
10 1.28037
11 1.40841
12 0
18 9 0 0
19 10 0 0
20 11 0 0
21 12 0 0
22 13 0 0
23 14 0 0
24 15 0 0
25 16 0 0
26 17 0 0
27 18 1 0
28 19 1 0
29 20 2 1.40841
28 21 0 0
0 0
1 0.27735
2 0.5547
3 0.83205
4 1.1094
5 1.38675
6 1.6641
7 1.94145
8 2.2188
9 2.49615
10 2.7735
11 1.38675
12 0
19 10 0 0
20 11 0 0
21 12 0 0
22 13 0 0
23 14 0 0
24 15 0 0
25 16 0 0
26 17 0 0
27 18 1 0
28 19 1 0
29 20 3 2.7735
28 21 0 0
27 22 0 0
0 0
1 0.447214
2 0.894427
3 1.34164
4 1.78885
5 2.23607
6 2.68328
7 3.1305
8 3.57771
9 4.02492
10 2.68328
11 1.34164
12 0
20 11 0 0
21 12 0 0
22 13 0 0
23 14 0 0
24 15 0 0
25 16 0 0
26 17 0 0
27 18 1 0
28 19 1 0
29 20 4 4.02492
28 21 0 0
27 22 0 0
26 23 0 0
0 0
1 0.632456
2 1.26491
3 1.89737
4 2.52982
5 3.16228
6 3.79473
7 4.42719
8 5.05964
9 3.79473
10 2.52982
11 1.26491
12 0
21 12 0 0
22 13 0 0
23 14 0 0
24 15 0 0
25 16 0 0
26 17 0 0
27 18 1 0
28 19 1 0
29 20 5 5.05964
28 21 0 0
27 22 0 0
26 23 0 0
25 24 0 0
0 0
1 0.821995
2 1.64399
3 2.46598
4 3.28798
5 4.10997
6 4.93197
7 5.75396
8 4.60317
9 3.45238
10 2.30159
11 1.15079
12 0
22 13 0 0
23 14 0 0
24 15 0 0
25 16 0 0
26 17 0 0
27 18 1 0
28 19 1 0
29 20 6 5.75396
28 21 0 0
27 22 0 0
26 23 0 0
25 24 0 0
24 25 0 0
0 0
1 1
2 2
3 3
4 4
5 5
6 6
7 5
8 4
9 3
10 2
11 1
12 0
23 14 0 0
24 15 0 0
25 16 0 0
26 17 0 0
27 18 1 0
28 19 1 0
29 20 7 6
28 21 0 0
27 22 0 0
26 23 0 0
25 24 0 0
24 25 0 0
23 26 0 0
0 0
1 1.15079
2 2.30159
3 3.45238
4 4.60317
5 5.75396
6 4.93197
7 4.10997
8 3.28798
9 2.46598
10 1.64399
11 0.821995
12 0
24 15 0 0
25 16 0 0
26 17 0 0
27 18 1 0
28 19 1 0
29 20 8 6
28 21 0 0
27 22 0 0
26 23 0 0
25 24 0 0
24 25 0 0
23 26 0 0
22 27 0 0
0 0
1 1.26491
2 2.52982
3 3.79473
4 5.05964
5 4.42719
6 3.79473
7 3.16228
8 2.52982
9 1.89737
10 1.26491
11 0.632456
12 0
25 16 0 0
26 17 0 0
27 18 1 0
28 19 1 0
29 20 9 6
28 21 0 0
27 22 0 0
26 23 0 0
25 24 0 0
24 25 0 0
23 26 0 0
22 27 0 0
21 28 0 0
0 0
1 1.34164
2 2.68328
3 4.02492
4 3.57771
5 3.1305
6 2.68328
7 2.23607
8 1.78885
9 1.34164
10 0.894427
11 0.447214
12 0
26 17 0 0
27 18 1 0
28 19 1 0
29 20 10 6
28 21 0 0
27 22 0 0
26 23 0 0
25 24 0 0
24 25 0 0
23 26 0 0
22 27 0 0
21 28 0 0
20 29 0 0
0 0
1 1.38675
2 2.7735
3 2.49615
4 2.2188
5 1.94145
6 1.6641
7 1.38675
8 1.1094
9 0.83205
10 0.5547
11 0.27735
12 0
27 18 1 0
28 19 1 0
29 20 11 6
28 21 0 0
27 22 0 0
26 23 0 0
25 24 0 0
24 25 0 0
23 26 0 0
22 27 0 0
21 28 0 0
20 29 0 0
19 30 0 0
0 0
1 1.40841
2 1.28037
3 1.15233
4 1.0243
5 0.896258
6 0.768221
7 0.640184
8 0.512148
9 0.384111
10 0.256074
11 0.128037
12 0
28 19 1 0
29 20 12 6
28 21 0 0
27 22 0 0
26 23 0 0
25 24 0 0
24 25 0 0
23 26 0 0
22 27 0 0
21 28 0 0
20 29 0 0
19 30 0 0
18 31 0 0
0 0
1 0
2 0
3 0
4 0
5 0
6 0
7 0
8 0
9 0
10 0
11 0
12 0
29 20 12 6
28 21 0 0
27 22 0 0
26 23 0 0
25 24 0 0
24 25 0 0
23 26 0 0
22 27 0 0
21 28 0 0
20 29 0 0
19 30 0 0
18 31 0 0
17 32 1 0
0 0
1 0
2 0
3 0
4 0
5 0
6 0
7 0
8 0
9 0
10 0
11 0
12 0
28 21 0 0
27 22 0 0
26 23 0 0
25 24 0 0
24 25 0 0
23 26 0 0
22 27 0 0
21 28 0 0
20 29 0 0
19 30 0 0
18 31 0 0
17 32 1 0
16 33 1 0
0 0
1 0
2 0
3 0
4 0
5 0
6 0
7 0
8 0
9 0
10 0
11 0
12 0
27 22 0 0
26 23 0 0
25 24 0 0
24 25 0 0
23 26 0 0
22 27 0 0
21 28 0 0
20 29 0 0
19 30 0 0
18 31 0 0
17 32 1 0
16 33 1 0
15 34 1 0
0 0
1 0.128037
2 0.256074
3 0.384111
4 0.512148
5 0.640184
6 0.768221
7 0.896258
8 1.0243
9 1.15233
10 1.28037
11 1.40841
12 0
26 23 0 0
25 24 0 0
24 25 0 0
23 26 0 0
22 27 0 0
21 28 0 0
20 29 0 0
19 30 0 0
18 31 0 0
17 32 1 0
16 33 1 0
15 34 2 1.40841
14 33 0 0
0 0
1 0.27735
2 0.5547
3 0.83205
4 1.1094
5 1.38675
6 1.6641
7 1.94145
8 2.2188
9 2.49615
10 2.7735
11 1.38675
12 0
25 24 0 0
24 25 0 0
23 26 0 0
22 27 0 0
21 28 0 0
20 29 0 0
19 30 0 0
18 31 0 0
17 32 1 0
16 33 1 0
15 34 3 2.7735
14 33 0 0
13 32 0 0
0 0
1 0.447214
2 0.894427
3 1.34164
4 1.78885
5 2.23607
6 2.68328
7 3.1305
8 3.57771
9 4.02492
10 2.68328
11 1.34164
12 0
24 25 0 0
23 26 0 0
22 27 0 0
21 28 0 0
20 29 0 0
19 30 0 0
18 31 0 0
17 32 1 0
16 33 1 0
15 34 4 4.02492
14 33 0 0
13 32 0 0
12 31 0 0
0 0
1 0.632456
2 1.26491
3 1.89737
4 2.52982
5 3.16228
6 3.79473
7 4.42719
8 5.05964
9 3.79473
10 2.52982
11 1.26491
12 0
23 26 0 0
22 27 0 0
21 28 0 0
20 29 0 0
19 30 0 0
18 31 0 0
17 32 1 0
16 33 1 0
15 34 5 5.05964
14 33 0 0
13 32 0 0
12 31 0 0
11 30 0 0
0 0
1 0.821995
2 1.64399
3 2.46598
4 3.28798
5 4.10997
6 4.93197
7 5.75396
8 4.60317
9 3.45238
10 2.30159
11 1.15079
12 0
22 27 0 0
21 28 0 0
20 29 0 0
19 30 0 0
18 31 0 0
17 32 1 0
16 33 1 0
15 34 6 5.75396
14 33 0 0
13 32 0 0
12 31 0 0
11 30 0 0
10 29 0 0
0 0
1 1
2 2
3 3
4 4
5 5
6 6
7 5
8 4
9 3
10 2
11 1
12 0
21 28 0 0
20 29 0 0
19 30 0 0
18 31 0 0
17 32 1 0
16 33 1 0
15 34 7 6
14 33 0 0
13 32 0 0
12 31 0 0
11 30 0 0
10 29 0 0
9 28 0 0
0 0
1 1.15079
2 2.30159
3 3.45238
4 4.60317
5 5.75396
6 4.93197
7 4.10997
8 3.28798
9 2.46598
10 1.64399
11 0.821995
12 0
20 29 0 0
19 30 0 0
18 31 0 0
17 32 1 0
16 33 1 0
15 34 8 6
14 33 0 0
13 32 0 0
12 31 0 0
11 30 0 0
10 29 0 0
9 28 0 0
8 27 0 0
0 0
1 1.26491
2 2.52982
3 3.79473
4 5.05964
5 4.42719
6 3.79473
7 3.16228
8 2.52982
9 1.89737
10 1.26491
11 0.632456
12 0
19 30 0 0
18 31 0 0
17 32 1 0
16 33 1 0
15 34 9 6
14 33 0 0
13 32 0 0
12 31 0 0
11 30 0 0
10 29 0 0
9 28 0 0
8 27 0 0
7 26 0 0
0 0
1 1.34164
2 2.68328
3 4.02492
4 3.57771
5 3.1305
6 2.68328
7 2.23607
8 1.78885
9 1.34164
10 0.894427
11 0.447214
12 0
18 31 0 0
17 32 1 0
16 33 1 0
15 34 10 6
14 33 0 0
13 32 0 0
12 31 0 0
11 30 0 0
10 29 0 0
9 28 0 0
8 27 0 0
7 26 0 0
6 25 0 0
0 0
1 1.38675
2 2.7735
3 2.49615
4 2.2188
5 1.94145
6 1.6641
7 1.38675
8 1.1094
9 0.83205
10 0.5547
11 0.27735
12 0
17 32 1 0
16 33 1 0
15 34 11 6
14 33 0 0
13 32 0 0
12 31 0 0
11 30 0 0
10 29 0 0
9 28 0 0
8 27 0 0
7 26 0 0
6 25 0 0
5 24 0 0
0 0
1 1.40841
2 1.28037
3 1.15233
4 1.0243
5 0.896258
6 0.768221
7 0.640184
8 0.512148
9 0.384111
10 0.256074
11 0.128037
12 0
16 33 1 0
15 34 12 6
14 33 0 0
13 32 0 0
12 31 0 0
11 30 0 0
10 29 0 0
9 28 0 0
8 27 0 0
7 26 0 0
6 25 0 0
5 24 0 0
4 23 0 0
0 0
1 0
2 0
3 0
4 0
5 0
6 0
7 0
8 0
9 0
10 0
11 0
12 0
15 34 12 6
14 33 0 0
13 32 0 0
12 31 0 0
11 30 0 0
10 29 0 0
9 28 0 0
8 27 0 0
7 26 0 0
6 25 0 0
5 24 0 0
4 23 0 0
3 22 1 0
0 0
1 0
2 0
3 0
4 0
5 0
6 0
7 0
8 0
9 0
10 0
11 0
12 0
14 33 0 0
13 32 0 0
12 31 0 0
11 30 0 0
10 29 0 0
9 28 0 0
8 27 0 0
7 26 0 0
6 25 0 0
5 24 0 0
4 23 0 0
3 22 1 0
2 21 1 0
0 0
1 0
2 0
3 0
4 0
5 0
6 0
7 0
8 0
9 0
10 0
11 0
12 0
0 0
1 0.128037
2 0.256074
3 0.384111
4 0.512148
5 0.640184
6 0.768221
7 0.896258
8 1.0243
9 1.15233
10 1.28037
11 1.40841
12 0
0 0
1 0.27735
2 0.5547
3 0.83205
4 1.1094
5 1.38675
6 1.6641
7 1.94145
8 2.2188
9 2.49615
10 2.7735
11 1.38675
12 0
0 0
1 0.447214
2 0.894427
3 1.34164
4 1.78885
5 2.23607
6 2.68328
7 3.1305
8 3.57771
9 4.02492
10 2.68328
11 1.34164
12 0
0 0
1 0.632456
2 1.26491
3 1.89737
4 2.52982
5 3.16228
6 3.79473
7 4.42719
8 5.05964
9 3.79473
10 2.52982
11 1.26491
12 0
0 0
1 0.821995
2 1.64399
3 2.46598
4 3.28798
5 4.10997
6 4.93197
7 5.75396
8 4.60317
9 3.45238
10 2.30159
11 1.15079
12 0
(1, 20, 6, 5.75396) (2, 19, 0, 0) (3, 18, 0, 0) (4, 17, 0, 0) (5, 16, 0, 0) 
(6, 15, 0, 0) (7, 14, 0, 0) (8, 13, 0, 0) (9, 12, 0, 0) (10, 11, 0, 0) 
(11, 10, 0, 0) (12, 9, 0, 0) (13, 8, 1, 0) (14, 7, 1, 0) (15, 6, 12, 6) 
(16, 7, 0, 0) (17, 8, 0, 0) (18, 9, 0, 0) (19, 10, 0, 0) (20, 11, 0, 0) 
(21, 12, 0, 0) (22, 13, 0, 0) (23, 14, 0, 0) (24, 15, 0, 0) (25, 16, 0, 0) 
(26, 17, 0, 0) (27, 18, 1, 0) (28, 19, 1, 0) (29, 20, 12, 6) (28, 21, 0, 0) 
(27, 22, 0, 0) (26, 23, 0, 0) (25, 24, 0, 0) (24, 25, 0, 0) (23, 26, 0, 0) 
(22, 27, 0, 0) (21, 28, 0, 0) (20, 29, 0, 0) (19, 30, 0, 0) (18, 31, 0, 0) 
(17, 32, 1, 0) (16, 33, 1, 0) (15, 34, 12, 6) (14, 33, 0, 0) (13, 32, 0, 0) 
(12, 31, 0, 0) (11, 30, 0, 0) (10, 29, 0, 0) (9, 28, 0, 0) (8, 27, 0, 0) 
(7, 26, 0, 0) (6, 25, 0, 0) (5, 24, 0, 0) (4, 23, 0, 0) (3, 22, 1, 0) 
(2, 21, 1, 0) 