0 0
1 0
2 0
3 0
4 0
5 0
6 0
7 0
8 0
1 20 0 0
2 19 0 0
3 18 0 0
4 17 0 0
5 16 0 0
6 15 0 0
7 14 0 0
8 13 0 0
9 12 1 0
0 0
1 0
2 0
3 0
4 0
5 0
6 0
7 0
8 0
2 19 0 0
3 18 0 0
4 17 0 0
5 16 0 0
6 15 0 0
7 14 0 0
8 13 0 0
9 12 1 0
10 11 1 0
0 0
1 0
2 0
3 0
4 0
5 0
6 0
7 0
8 0
3 18 0 0
4 17 0 0
5 16 0 0
6 15 0 0
7 14 0 0
8 13 0 0
9 12 1 0
10 11 1 0
11 10 1 0
0 0
1 0
2 0
3 0
4 0
5 0
6 0
7 0
8 0
4 17 0 0
5 16 0 0
6 15 0 0
7 14 0 0
8 13 0 0
9 12 1 0
10 11 1 0
11 10 1 0
12 9 1 0
0 0
1 0
2 0
3 0
4 0
5 0
6 0
7 0
8 0
5 16 0 0
6 15 0 0
7 14 0 0
8 13 0 0
9 12 1 0
10 11 1 0
11 10 1 0
12 9 1 0
13 8 1 0
0 0
1 0
2 0
3 0
4 0
5 0
6 0
7 0
8 0
6 15 0 0
7 14 0 0
8 13 0 0
9 12 1 0
10 11 1 0
11 10 1 0
12 9 1 0
13 8 1 0
14 7 1 0
0 0
1 0
2 0
3 0
4 0
5 0
6 0
7 0
8 0
7 14 0 0
8 13 0 0
9 12 1 0
10 11 1 0
11 10 1 0
12 9 1 0
13 8 1 0
14 7 1 0
15 6 1 0
0 0
1 0.2
2 0.4
3 0.6
4 0.8
5 1
6 1.2
7 1.4
8 0
8 13 0 0
9 12 1 0
10 11 1 0
11 10 1 0
12 9 1 0
13 8 1 0
14 7 1 0
15 6 2 1.4
16 7 0 0
0 0
1 0.447214
2 0.894427
3 1.34164
4 1.78885
5 2.23607
6 2.68328
7 1.34164
8 0
9 12 1 0
10 11 1 0
11 10 1 0
12 9 1 0
13 8 1 0
14 7 1 0
15 6 3 2.68328
16 7 0 0
17 8 0 0
0 0
1 0.727607
2 1.45521
3 2.18282
4 2.91043
5 3.63803
6 2.42536
7 1.21268
8 0
10 11 1 0
11 10 1 0
12 9 1 0
13 8 1 0
14 7 1 0
15 6 4 3.63803
16 7 0 0
17 8 0 0
18 9 0 0
0 0
1 1
2 2
3 3
4 4
5 3
6 2
7 1
8 0
11 10 1 0
12 9 1 0
13 8 1 0
14 7 1 0
15 6 5 4
16 7 0 0
17 8 0 0
18 9 0 0
19 10 0 0
0 0
1 1.21268
2 2.42536
3 3.63803
4 2.91043
5 2.18282
6 1.45521
7 0.727607
8 0
12 9 1 0
13 8 1 0
14 7 1 0
15 6 6 4
16 7 0 0
17 8 0 0
18 9 0 0
19 10 0 0
20 11 0 0
0 0
1 1.34164
2 2.68328
3 2.23607
4 1.78885
5 1.34164
6 0.894427
7 0.447214
8 0
13 8 1 0
14 7 1 0
15 6 7 4
16 7 0 0
17 8 0 0
18 9 0 0
19 10 0 0
20 11 0 0
21 12 0 0
0 0
1 1.4
2 1.2
3 1
4 0.8
5 0.6
6 0.4
7 0.2
8 0
14 7 1 0
15 6 8 4
16 7 0 0
17 8 0 0
18 9 0 0
19 10 0 0
20 11 0 0
21 12 0 0
22 13 0 0
0 0
1 0
2 0
3 0
4 0
5 0
6 0
7 0
8 0
15 6 8 4
16 7 0 0
17 8 0 0
18 9 0 0
19 10 0 0
20 11 0 0
21 12 0 0
22 13 0 0
23 14 1 0
0 0
1 0
2 0
3 0
4 0
5 0
6 0
7 0
8 0
16 7 0 0
17 8 0 0
18 9 0 0
19 10 0 0
20 11 0 0
21 12 0 0
22 13 0 0
23 14 1 0
24 15 1 0
0 0
1 0
2 0
3 0
4 0
5 0
6 0
7 0
8 0
17 8 0 0
18 9 0 0
19 10 0 0
20 11 0 0
21 12 0 0
22 13 0 0
23 14 1 0
24 15 1 0
25 16 1 0
0 0
1 0
2 0
3 0
4 0
5 0
6 0
7 0
8 0
18 9 0 0
19 10 0 0
20 11 0 0
21 12 0 0
22 13 0 0
23 14 1 0
24 15 1 0
25 16 1 0
26 17 1 0
0 0
1 0
2 0
3 0
4 0
5 0
6 0
7 0
8 0
19 10 0 0
20 11 0 0
21 12 0 0
22 13 0 0
23 14 1 0
24 15 1 0
25 16 1 0
26 17 1 0
27 18 1 0
0 0
1 0
2 0
3 0
4 0
5 0
6 0
7 0
8 0
20 11 0 0
21 12 0 0
22 13 0 0
23 14 1 0
24 15 1 0
25 16 1 0
26 17 1 0
27 18 1 0
28 19 1 0
0 0
1 0
2 0
3 0
4 0
5 0
6 0
7 0
8 0
21 12 0 0
22 13 0 0
23 14 1 0
24 15 1 0
25 16 1 0
26 17 1 0
27 18 1 0
28 19 1 0
29 20 1 0
0 0
1 0.2
2 0.4
3 0.6
4 0.8
5 1
6 1.2
7 1.4
8 0
22 13 0 0
23 14 1 0
24 15 1 0
25 16 1 0
26 17 1 0
27 18 1 0
28 19 1 0
29 20 2 1.4
28 21 0 0
0 0
1 0.447214
2 0.894427
3 1.34164
4 1.78885
5 2.23607
6 2.68328
7 1.34164
8 0
23 14 1 0
24 15 1 0
25 16 1 0
26 17 1 0
27 18 1 0
28 19 1 0
29 20 3 2.68328
28 21 0 0
27 22 0 0
0 0
1 0.727607
2 1.45521
3 2.18282
4 2.91043
5 3.63803
6 2.42536
7 1.21268
8 0
24 15 1 0
25 16 1 0
26 17 1 0
27 18 1 0
28 19 1 0
29 20 4 3.63803
28 21 0 0
27 22 0 0
26 23 0 0
0 0
1 1
2 2
3 3
4 4
5 3
6 2
7 1
8 0
25 16 1 0
26 17 1 0
27 18 1 0
28 19 1 0
29 20 5 4
28 21 0 0
27 22 0 0
26 23 0 0
25 24 0 0
0 0
1 1.21268
2 2.42536
3 3.63803
4 2.91043
5 2.18282
6 1.45521
7 0.727607
8 0
26 17 1 0
27 18 1 0
28 19 1 0
29 20 6 4
28 21 0 0
27 22 0 0
26 23 0 0
25 24 0 0
24 25 0 0
0 0
1 1.34164
2 2.68328
3 2.23607
4 1.78885
5 1.34164
6 0.894427
7 0.447214
8 0
27 18 1 0
28 19 1 0
29 20 7 4
28 21 0 0
27 22 0 0
26 23 0 0
25 24 0 0
24 25 0 0
23 26 0 0
0 0
1 1.4
2 1.2
3 1
4 0.8
5 0.6
6 0.4
7 0.2
8 0
28 19 1 0
29 20 8 4
28 21 0 0
27 22 0 0
26 23 0 0
25 24 0 0
24 25 0 0
23 26 0 0
22 27 0 0
0 0
1 0
2 0
3 0
4 0
5 0
6 0
7 0
8 0
29 20 8 4
28 21 0 0
27 22 0 0
26 23 0 0
25 24 0 0
24 25 0 0
23 26 0 0
22 27 0 0
21 28 1 0
0 0
1 0
2 0
3 0
4 0
5 0
6 0
7 0
8 0
28 21 0 0
27 22 0 0
26 23 0 0
25 24 0 0
24 25 0 0
23 26 0 0
22 27 0 0
21 28 1 0
20 29 1 0
0 0
1 0
2 0
3 0
4 0
5 0
6 0
7 0
8 0
27 22 0 0
26 23 0 0
25 24 0 0
24 25 0 0
23 26 0 0
22 27 0 0
21 28 1 0
20 29 1 0
19 30 1 0
0 0
1 0
2 0
3 0
4 0
5 0
6 0
7 0
8 0
26 23 0 0
25 24 0 0
24 25 0 0
23 26 0 0
22 27 0 0
21 28 1 0
20 29 1 0
19 30 1 0
18 31 1 0
0 0
1 0
2 0
3 0
4 0
5 0
6 0
7 0
8 0
25 24 0 0
24 25 0 0
23 26 0 0
22 27 0 0
21 28 1 0
20 29 1 0
19 30 1 0
18 31 1 0
17 32 1 0
0 0
1 0
2 0
3 0
4 0
5 0
6 0
7 0
8 0
24 25 0 0
23 26 0 0
22 27 0 0
21 28 1 0
20 29 1 0
19 30 1 0
18 31 1 0
17 32 1 0
16 33 1 0
0 0
1 0
2 0
3 0
4 0
5 0
6 0
7 0
8 0
23 26 0 0
22 27 0 0
21 28 1 0
20 29 1 0
19 30 1 0
18 31 1 0
17 32 1 0
16 33 1 0
15 34 1 0
0 0
1 0.2
2 0.4
3 0.6
4 0.8
5 1
6 1.2
7 1.4
8 0
22 27 0 0
21 28 1 0
20 29 1 0
19 30 1 0
18 31 1 0
17 32 1 0
16 33 1 0
15 34 2 1.4
14 33 0 0
0 0
1 0.447214
2 0.894427
3 1.34164
4 1.78885
5 2.23607
6 2.68328
7 1.34164
8 0
21 28 1 0
20 29 1 0
19 30 1 0
18 31 1 0
17 32 1 0
16 33 1 0
15 34 3 2.68328
14 33 0 0
13 32 0 0
0 0
1 0.727607
2 1.45521
3 2.18282
4 2.91043
5 3.63803
6 2.42536
7 1.21268
8 0
20 29 1 0
19 30 1 0
18 31 1 0
17 32 1 0
16 33 1 0
15 34 4 3.63803
14 33 0 0
13 32 0 0
12 31 0 0
0 0
1 1
2 2
3 3
4 4
5 3
6 2
7 1
8 0
19 30 1 0
18 31 1 0
17 32 1 0
16 33 1 0
15 34 5 4
14 33 0 0
13 32 0 0
12 31 0 0
11 30 0 0
0 0
1 1.21268
2 2.42536
3 3.63803
4 2.91043
5 2.18282
6 1.45521
7 0.727607
8 0
18 31 1 0
17 32 1 0
16 33 1 0
15 34 6 4
14 33 0 0
13 32 0 0
12 31 0 0
11 30 0 0
10 29 0 0
0 0
1 1.34164
2 2.68328
3 2.23607
4 1.78885
5 1.34164
6 0.894427
7 0.447214
8 0
17 32 1 0
16 33 1 0
15 34 7 4
14 33 0 0
13 32 0 0
12 31 0 0
11 30 0 0
10 29 0 0
9 28 0 0
0 0
1 1.4
2 1.2
3 1
4 0.8
5 0.6
6 0.4
7 0.2
8 0
16 33 1 0
15 34 8 4
14 33 0 0
13 32 0 0
12 31 0 0
11 30 0 0
10 29 0 0
9 28 0 0
8 27 0 0
0 0
1 0
2 0
3 0
4 0
5 0
6 0
7 0
8 0
15 34 8 4
14 33 0 0
13 32 0 0
12 31 0 0
11 30 0 0
10 29 0 0
9 28 0 0
8 27 0 0
7 26 1 0
0 0
1 0
2 0
3 0
4 0
5 0
6 0
7 0
8 0
14 33 0 0
13 32 0 0
12 31 0 0
11 30 0 0
10 29 0 0
9 28 0 0
8 27 0 0
7 26 1 0
6 25 1 0
0 0
1 0
2 0
3 0
4 0
5 0
6 0
7 0
8 0
13 32 0 0
12 31 0 0
11 30 0 0
10 29 0 0
9 28 0 0
8 27 0 0
7 26 1 0
6 25 1 0
5 24 1 0
0 0
1 0
2 0
3 0
4 0
5 0
6 0
7 0
8 0
12 31 0 0
11 30 0 0
10 29 0 0
9 28 0 0
8 27 0 0
7 26 1 0
6 25 1 0
5 24 1 0
4 23 1 0
0 0
1 0
2 0
3 0
4 0
5 0
6 0
7 0
8 0
11 30 0 0
10 29 0 0
9 28 0 0
8 27 0 0
7 26 1 0
6 25 1 0
5 24 1 0
4 23 1 0
3 22 1 0
0 0
1 0
2 0
3 0
4 0
5 0
6 0
7 0
8 0
10 29 0 0
9 28 0 0
8 27 0 0
7 26 1 0
6 25 1 0
5 24 1 0
4 23 1 0
3 22 1 0
2 21 1 0
0 0
1 0
2 0
3 0
4 0
5 0
6 0
7 0
8 0
0 0
1 0.2
2 0.4
3 0.6
4 0.8
5 1
6 1.2
7 1.4
8 0
0 0
1 0.447214
2 0.894427
3 1.34164
4 1.78885
5 2.23607
6 2.68328
7 1.34164
8 0
0 0
1 0.727607
2 1.45521
3 2.18282
4 2.91043
5 3.63803
6 2.42536
7 1.21268
8 0
(1, 20, 4, 3.63803) (2, 19, 0, 0) (3, 18, 0, 0) (4, 17, 0, 0) (5, 16, 0, 0) 
(6, 15, 0, 0) (7, 14, 0, 0) (8, 13, 0, 0) (9, 12, 1, 0) (10, 11, 1, 0) 
(11, 10, 1, 0) (12, 9, 1, 0) (13, 8, 1, 0) (14, 7, 1, 0) (15, 6, 8, 4) 
(16, 7, 0, 0) (17, 8, 0, 0) (18, 9, 0, 0) (19, 10, 0, 0) (20, 11, 0, 0) 
(21, 12, 0, 0) (22, 13, 0, 0) (23, 14, 1, 0) (24, 15, 1, 0) (25, 16, 1, 0) 
(26, 17, 1, 0) (27, 18, 1, 0) (28, 19, 1, 0) (29, 20, 8, 4) (28, 21, 0, 0) 
(27, 22, 0, 0) (26, 23, 0, 0) (25, 24, 0, 0) (24, 25, 0, 0) (23, 26, 0, 0) 
(22, 27, 0, 0) (21, 28, 1, 0) (20, 29, 1, 0) (19, 30, 1, 0) (18, 31, 1, 0) 
(17, 32, 1, 0) (16, 33, 1, 0) (15, 34, 8, 4) (14, 33, 0, 0) (13, 32, 0, 0) 
(12, 31, 0, 0) (11, 30, 0, 0) (10, 29, 0, 0) (9, 28, 0, 0) (8, 27, 0, 0) 
(7, 26, 1, 0) (6, 25, 1, 0) (5, 24, 1, 0) (4, 23, 1, 0) (3, 22, 1, 0) 
(2, 21, 1, 0) 