0 0
1 0
2 0
3 0
4 0
5 0
6 0
7 0
8 0
9 0
10 0
5 5 0 0
6 5 0 0
7 5 0 0
8 5 0 0
9 5 0 0
10 5 0 0
11 5 0 0
12 5 0 0
13 5 0 0
14 5 0 0
15 5 1 0
0 0
1 0.0995037
2 0.199007
3 0.298511
4 0.398015
5 0.497519
6 0.597022
7 0.696526
8 0.79603
9 0.895533
10 0
6 5 0 0
7 5 0 0
8 5 0 0
9 5 0 0
10 5 0 0
11 5 0 0
12 5 0 0
13 5 0 0
14 5 0 0
15 5 2 0.895533
16 6 0 0
0 0
1 0.196116
2 0.392232
3 0.588348
4 0.784465
5 0.980581
6 1.1767
7 1.37281
8 1.56893
9 0.784465
10 0
7 5 0 0
8 5 0 0
9 5 0 0
10 5 0 0
11 5 0 0
12 5 0 0
13 5 0 0
14 5 0 0
15 5 3 1.56893
16 6 0 0
17 7 0 0
0 0
1 0.287348
2 0.574696
3 0.862044
4 1.14939
5 1.43674
6 1.72409
7 2.01144
8 1.34096
9 0.670478
10 0
8 5 0 0
9 5 0 0
10 5 0 0
11 5 0 0
12 5 0 0
13 5 0 0
14 5 0 0
15 5 4 2.01144
16 6 0 0
17 7 0 0
18 8 0 0
0 0
1 0.371391
2 0.742781
3 1.11417
4 1.48556
5 1.85695
6 2.22834
7 1.67126
8 1.11417
9 0.557086
10 0
9 5 0 0
10 5 0 0
11 5 0 0
12 5 0 0
13 5 0 0
14 5 0 0
15 5 5 2.22834
16 6 0 0
17 7 0 0
18 8 0 0
19 9 0 0
0 0
1 0.447214
2 0.894427
3 1.34164
4 1.78885
5 2.23607
6 1.78885
7 1.34164
8 0.894427
9 0.447214
10 0
10 5 0 0
11 5 0 0
12 5 0 0
13 5 0 0
14 5 0 0
15 5 6 2.23607
16 6 0 0
17 7 0 0
18 8 0 0
19 9 0 0
20 10 0 0
0 0
1 0.371391
2 0.742781
3 1.11417
4 1.48556
5 0.928477
6 0.371391
7 0.185695
8 0.742781
9 1.29987
10 0
11 5 0 0
12 5 0 0
13 5 0 0
14 5 0 0
15 5 7 2.23607
16 6 0 0
17 7 0 0
18 8 0 0
19 9 0 0
20 10 0 0
21 9 0 0
0 0
1 0.287348
2 0.574696
3 0.862044
4 0.191565
5 0.478913
6 1.14939
7 1.81987
8 2.49035
9 1.24517
10 0
12 5 0 0
13 5 0 0
14 5 0 0
15 5 7 2.23607
16 6 0 0
17 7 0 0
18 8 0 0
19 9 0 0
20 10 1 2.49035
21 9 0 0
22 8 0 0
0 0
1 0.196116
2 0.392232
3 0.392232
4 1.1767
5 1.96116
6 2.74563
7 3.53009
8 2.35339
9 1.1767
10 0
13 5 0 0
14 5 0 0
15 5 7 2.23607
16 6 0 0
17 7 0 0
18 8 0 0
19 9 0 0
20 10 2 3.53009
21 9 0 0
22 8 0 0
23 7 0 0
0 0
1 0.0995037
2 0.79603
3 1.69156
4 2.5871
5 3.48263
6 4.37816
7 3.28362
8 2.18908
9 1.09454
10 0
14 5 0 0
15 5 7 2.23607
16 6 0 0
17 7 0 0
18 8 0 0
19 9 0 0
20 10 3 4.37816
21 9 0 0
22 8 0 0
23 7 0 0
24 6 0 0
0 0
1 1
2 2
3 3
4 4
5 5
6 4
7 3
8 2
9 1
10 0
15 5 7 2.23607
16 6 0 0
17 7 0 0
18 8 0 0
19 9 0 0
20 10 4 5
21 9 0 0
22 8 0 0
23 7 0 0
24 6 0 0
25 5 0 0
0 0
1 1.09454
2 2.18908
3 3.28362
4 4.37816
5 3.48263
6 2.5871
7 1.69156
8 0.79603
9 0.0995037
10 0
16 6 0 0
17 7 0 0
18 8 0 0
19 9 0 0
20 10 5 5
21 9 0 0
22 8 0 0
23 7 0 0
24 6 0 0
25 5 0 0
26 5 0 0
0 0
1 1.1767
2 2.35339
3 3.53009
4 2.74563
5 1.96116
6 1.1767
7 0.392232
8 0.392232
9 0.196116
10 0
17 7 0 0
18 8 0 0
19 9 0 0
20 10 6 5
21 9 0 0
22 8 0 0
23 7 0 0
24 6 0 0
25 5 0 0
26 5 0 0
27 5 0 0
0 0
1 1.24517
2 2.49035
3 1.81987
4 1.14939
5 0.478913
6 0.191565
7 0.862044
8 0.574696
9 0.287348
10 0
18 8 0 0
19 9 0 0
20 10 7 5
21 9 0 0
22 8 0 0
23 7 0 0
24 6 0 0
25 5 0 0
26 5 0 0
27 5 0 0
28 5 0 0
0 0
1 1.29987
2 0.742781
3 0.185695
4 0.371391
5 0.928477
6 1.48556
7 1.11417
8 0.742781
9 0.371391
10 0
19 9 0 0
20 10 7 5
21 9 0 0
22 8 0 0
23 7 0 0
24 6 0 0
25 5 1 1.48556
26 5 0 0
27 5 0 0
28 5 0 0
29 5 0 0
0 0
1 0.447214
2 0.894427
3 1.34164
4 1.78885
5 2.23607
6 1.78885
7 1.34164
8 0.894427
9 0.447214
10 0
20 10 7 5
21 9 0 0
22 8 0 0
23 7 0 0
24 6 0 0
25 5 2 2.23607
26 5 0 0
27 5 0 0
28 5 0 0
29 5 0 0
30 5 0 0
0 0
1 0.557086
2 1.11417
3 1.67126
4 2.22834
5 1.85695
6 1.48556
7 1.11417
8 0.742781
9 0.371391
10 0
21 9 0 0
22 8 0 0
23 7 0 0
24 6 0 0
25 5 3 2.23607
26 5 0 0
27 5 0 0
28 5 0 0
29 5 0 0
30 5 0 0
31 5 0 0
0 0
1 0.670478
2 1.34096
3 2.01144
4 1.72409
5 1.43674
6 1.14939
7 0.862044
8 0.574696
9 0.287348
10 0
22 8 0 0
23 7 0 0
24 6 0 0
25 5 4 2.23607
26 5 0 0
27 5 0 0
28 5 0 0
29 5 0 0
30 5 0 0
31 5 0 0
32 5 0 0
0 0
1 0.784465
2 1.56893
3 1.37281
4 1.1767
5 0.980581
6 0.784465
7 0.588348
8 0.392232
9 0.196116
10 0
23 7 0 0
24 6 0 0
25 5 5 2.23607
26 5 0 0
27 5 0 0
28 5 0 0
29 5 0 0
30 5 0 0
31 5 0 0
32 5 0 0
33 5 0 0
0 0
1 0.895533
2 0.79603
3 0.696526
4 0.597022
5 0.497519
6 0.398015
7 0.298511
8 0.199007
9 0.0995037
10 0
24 6 0 0
25 5 6 2.23607
26 5 0 0
27 5 0 0
28 5 0 0
29 5 0 0
30 5 0 0
31 5 0 0
32 5 0 0
33 5 0 0
34 5 0 0
0 0
1 0
2 0
3 0
4 0
5 0
6 0
7 0
8 0
9 0
10 0
25 5 6 2.23607
26 5 0 0
27 5 0 0
28 5 0 0
29 5 0 0
30 5 0 0
31 5 0 0
32 5 0 0
33 5 0 0
34 5 0 0
35 5 1 0
0 0
1 0.110432
2 0.220863
3 0.331295
4 0.441726
5 0.552158
6 0.662589
7 0.773021
8 0.883452
9 0.993884
10 0
26 5 0 0
27 5 0 0
28 5 0 0
29 5 0 0
30 5 0 0
31 5 0 0
32 5 0 0
33 5 0 0
34 5 0 0
35 5 2 0.993884
35 6 0 0
0 0
1 0.242536
2 0.485071
3 0.727607
4 0.970143
5 1.21268
6 1.45521
7 1.69775
8 1.94029
9 0.970143
10 0
27 5 0 0
28 5 0 0
29 5 0 0
30 5 0 0
31 5 0 0
32 5 0 0
33 5 0 0
34 5 0 0
35 5 3 1.94029
35 6 0 0
35 7 0 0
0 0
1 0.393919
2 0.787839
3 1.18176
4 1.57568
5 1.9696
6 2.36352
7 2.75744
8 1.83829
9 0.919145
10 0
28 5 0 0
29 5 0 0
30 5 0 0
31 5 0 0
32 5 0 0
33 5 0 0
34 5 0 0
35 5 4 2.75744
35 6 0 0
35 7 0 0
35 8 0 0
0 0
1 0.5547
2 1.1094
3 1.6641
4 2.2188
5 2.7735
6 3.3282
7 2.49615
8 1.6641
9 0.83205
10 0
29 5 0 0
30 5 0 0
31 5 0 0
32 5 0 0
33 5 0 0
34 5 0 0
35 5 5 3.3282
35 6 0 0
35 7 0 0
35 8 0 0
35 9 0 0
0 0
1 0.707107
2 1.41421
3 2.12132
4 2.82843
5 3.53553
6 2.82843
7 2.12132
8 1.41421
9 0.707107
10 0
30 5 0 0
31 5 0 0
32 5 0 0
33 5 0 0
34 5 0 0
35 5 6 3.53553
35 6 0 0
35 7 0 0
35 8 0 0
35 9 0 0
35 10 0 0
0 0
1 0.83205
2 1.6641
3 2.49615
4 3.3282
5 2.7735
6 2.2188
7 1.6641
8 1.1094
9 0.5547
10 0
31 5 0 0
32 5 0 0
33 5 0 0
34 5 0 0
35 5 7 3.53553
35 6 0 0
35 7 0 0
35 8 0 0
35 9 0 0
35 10 0 0
35 11 0 0
0 0
1 0.919145
2 1.83829
3 2.75744
4 2.36352
5 1.9696
6 1.57568
7 1.18176
8 0.787839
9 0.393919
10 0
32 5 0 0
33 5 0 0
34 5 0 0
35 5 8 3.53553
35 6 0 0
35 7 0 0
35 8 0 0
35 9 0 0
35 10 0 0
35 11 0 0
35 12 0 0
0 0
1 0.970143
2 1.94029
3 1.69775
4 1.45521
5 1.21268
6 0.970143
7 0.727607
8 0.485071
9 0.242536
10 0
33 5 0 0
34 5 0 0
35 5 9 3.53553
35 6 0 0
35 7 0 0
35 8 0 0
35 9 0 0
35 10 0 0
35 11 0 0
35 12 0 0
35 13 0 0
0 0
1 0.993884
2 0.883452
3 0.773021
4 0.662589
5 0.552158
6 0.441726
7 0.331295
8 0.220863
9 0.110432
10 0
34 5 0 0
35 5 10 3.53553
35 6 0 0
35 7 0 0
35 8 0 0
35 9 0 0
35 10 0 0
35 11 0 0
35 12 0 0
35 13 0 0
35 14 0 0
0 0
1 0
2 0
3 0
4 0
5 0
6 0
7 0
8 0
9 0
10 0
35 5 10 3.53553
35 6 0 0
35 7 0 0
35 8 0 0
35 9 0 0
35 10 0 0
35 11 0 0
35 12 0 0
35 13 0 0
35 14 0 0
35 15 1 0
0 0
1 0
2 0
3 0
4 0
5 0
6 0
7 0
8 0
9 0
10 0
35 6 0 0
35 7 0 0
35 8 0 0
35 9 0 0
35 10 0 0
35 11 0 0
35 12 0 0
35 13 0 0
35 14 0 0
35 15 1 0
35 16 1 0
0 0
1 0
2 0
3 0
4 0
5 0
6 0
7 0
8 0
9 0
10 0
35 7 0 0
35 8 0 0
35 9 0 0
35 10 0 0
35 11 0 0
35 12 0 0
35 13 0 0
35 14 0 0
35 15 1 0
35 16 1 0
35 17 1 0
0 0
1 0
2 0
3 0
4 0
5 0
6 0
7 0
8 0
9 0
10 0
35 8 0 0
35 9 0 0
35 10 0 0
35 11 0 0
35 12 0 0
35 13 0 0
35 14 0 0
35 15 1 0
35 16 1 0
35 17 1 0
35 18 1 0
0 0
1 0
2 0
3 0
4 0
5 0
6 0
7 0
8 0
9 0
10 0
35 9 0 0
35 10 0 0
35 11 0 0
35 12 0 0
35 13 0 0
35 14 0 0
35 15 1 0
35 16 1 0
35 17 1 0
35 18 1 0
35 19 1 0
0 0
1 0
2 0
3 0
4 0
5 0
6 0
7 0
8 0
9 0
10 0
35 10 0 0
35 11 0 0
35 12 0 0
35 13 0 0
35 14 0 0
35 15 1 0
35 16 1 0
35 17 1 0
35 18 1 0
35 19 1 0
35 20 1 0
0 0
1 0
2 0
3 0
4 0
5 0
6 0
7 0
8 0
9 0
10 0
35 11 0 0
35 12 0 0
35 13 0 0
35 14 0 0
35 15 1 0
35 16 1 0
35 17 1 0
35 18 1 0
35 19 1 0
35 20 1 0
35 21 1 0
0 0
1 0
2 0
3 0
4 0
5 0
6 0
7 0
8 0
9 0
10 0
35 12 0 0
35 13 0 0
35 14 0 0
35 15 1 0
35 16 1 0
35 17 1 0
35 18 1 0
35 19 1 0
35 20 1 0
35 21 1 0
35 22 1 0
0 0
1 0
2 0
3 0
4 0
5 0
6 0
7 0
8 0
9 0
10 0
35 13 0 0
35 14 0 0
35 15 1 0
35 16 1 0
35 17 1 0
35 18 1 0
35 19 1 0
35 20 1 0
35 21 1 0
35 22 1 0
35 23 1 0
0 0
1 0
2 0
3 0
4 0
5 0
6 0
7 0
8 0
9 0
10 0
35 14 0 0
35 15 1 0
35 16 1 0
35 17 1 0
35 18 1 0
35 19 1 0
35 20 1 0
35 21 1 0
35 22 1 0
35 23 1 0
35 24 1 0
0 0
1 0
2 0
3 0
4 0
5 0
6 0
7 0
8 0
9 0
10 0
35 15 1 0
35 16 1 0
35 17 1 0
35 18 1 0
35 19 1 0
35 20 1 0
35 21 1 0
35 22 1 0
35 23 1 0
35 24 1 0
35 25 1 0
0 0
1 0
2 0
3 0
4 0
5 0
6 0
7 0
8 0
9 0
10 0
35 16 1 0
35 17 1 0
35 18 1 0
35 19 1 0
35 20 1 0
35 21 1 0
35 22 1 0
35 23 1 0
35 24 1 0
35 25 1 0
35 26 1 0
0 0
1 0
2 0
3 0
4 0
5 0
6 0
7 0
8 0
9 0
10 0
35 17 1 0
35 18 1 0
35 19 1 0
35 20 1 0
35 21 1 0
35 22 1 0
35 23 1 0
35 24 1 0
35 25 1 0
35 26 1 0
35 27 1 0
0 0
1 0
2 0
3 0
4 0
5 0
6 0
7 0
8 0
9 0
10 0
35 18 1 0
35 19 1 0
35 20 1 0
35 21 1 0
35 22 1 0
35 23 1 0
35 24 1 0
35 25 1 0
35 26 1 0
35 27 1 0
35 28 1 0
0 0
1 0
2 0
3 0
4 0
5 0
6 0
7 0
8 0
9 0
10 0
35 19 1 0
35 20 1 0
35 21 1 0
35 22 1 0
35 23 1 0
35 24 1 0
35 25 1 0
35 26 1 0
35 27 1 0
35 28 1 0
35 29 1 0
0 0
1 0.110432
2 0.220863
3 0.331295
4 0.441726
5 0.552158
6 0.662589
7 0.773021
8 0.883452
9 0.993884
10 0
35 20 1 0
35 21 1 0
35 22 1 0
35 23 1 0
35 24 1 0
35 25 1 0
35 26 1 0
35 27 1 0
35 28 1 0
35 29 2 0.993884
34 29 0 0
0 0
1 0.242536
2 0.485071
3 0.727607
4 0.970143
5 1.21268
6 1.45521
7 1.69775
8 1.94029
9 0.970143
10 0
35 21 1 0
35 22 1 0
35 23 1 0
35 24 1 0
35 25 1 0
35 26 1 0
35 27 1 0
35 28 1 0
35 29 3 1.94029
34 29 0 0
33 29 0 0
0 0
1 0.393919
2 0.787839
3 1.18176
4 1.57568
5 1.9696
6 2.36352
7 2.75744
8 1.83829
9 0.919145
10 0
35 22 1 0
35 23 1 0
35 24 1 0
35 25 1 0
35 26 1 0
35 27 1 0
35 28 1 0
35 29 4 2.75744
34 29 0 0
33 29 0 0
32 29 0 0
0 0
1 0.5547
2 1.1094
3 1.6641
4 2.2188
5 2.7735
6 3.3282
7 2.49615
8 1.6641
9 0.83205
10 0
35 23 1 0
35 24 1 0
35 25 1 0
35 26 1 0
35 27 1 0
35 28 1 0
35 29 5 3.3282
34 29 0 0
33 29 0 0
32 29 0 0
31 29 0 0
0 0
1 0.707107
2 1.41421
3 2.12132
4 2.82843
5 3.53553
6 2.82843
7 2.12132
8 1.41421
9 0.707107
10 0
35 24 1 0
35 25 1 0
35 26 1 0
35 27 1 0
35 28 1 0
35 29 6 3.53553
34 29 0 0
33 29 0 0
32 29 0 0
31 29 0 0
30 29 0 0
0 0
1 0.83205
2 1.6641
3 2.49615
4 3.3282
5 2.7735
6 2.2188
7 1.6641
8 1.1094
9 0.5547
10 0
35 25 1 0
35 26 1 0
35 27 1 0
35 28 1 0
35 29 7 3.53553
34 29 0 0
33 29 0 0
32 29 0 0
31 29 0 0
30 29 0 0
29 29 0 0
0 0
1 0.919145
2 1.83829
3 2.75744
4 2.36352
5 1.9696
6 1.57568
7 1.18176
8 0.787839
9 0.393919
10 0
35 26 1 0
35 27 1 0
35 28 1 0
35 29 8 3.53553
34 29 0 0
33 29 0 0
32 29 0 0
31 29 0 0
30 29 0 0
29 29 0 0
28 29 0 0
0 0
1 0.970143
2 1.94029
3 1.69775
4 1.45521
5 1.21268
6 0.970143
7 0.727607
8 0.485071
9 0.242536
10 0
35 27 1 0
35 28 1 0
35 29 9 3.53553
34 29 0 0
33 29 0 0
32 29 0 0
31 29 0 0
30 29 0 0
29 29 0 0
28 29 0 0
27 29 0 0
0 0
1 0.993884
2 0.883452
3 0.773021
4 0.662589
5 0.552158
6 0.441726
7 0.331295
8 0.220863
9 0.110432
10 0
35 28 1 0
35 29 10 3.53553
34 29 0 0
33 29 0 0
32 29 0 0
31 29 0 0
30 29 0 0
29 29 0 0
28 29 0 0
27 29 0 0
26 29 0 0
0 0
1 0
2 0
3 0
4 0
5 0
6 0
7 0
8 0
9 0
10 0
35 29 10 3.53553
34 29 0 0
33 29 0 0
32 29 0 0
31 29 0 0
30 29 0 0
29 29 0 0
28 29 0 0
27 29 0 0
26 29 0 0
25 29 1 0
0 0
1 0.0995037
2 0.199007
3 0.298511
4 0.398015
5 0.497519
6 0.597022
7 0.696526
8 0.79603
9 0.895533
10 0
34 29 0 0
33 29 0 0
32 29 0 0
31 29 0 0
30 29 0 0
29 29 0 0
28 29 0 0
27 29 0 0
26 29 0 0
25 29 2 0.895533
24 30 0 0
0 0
1 0.196116
2 0.392232
3 0.588348
4 0.784465
5 0.980581
6 1.1767
7 1.37281
8 1.56893
9 0.784465
10 0
33 29 0 0
32 29 0 0
31 29 0 0
30 29 0 0
29 29 0 0
28 29 0 0
27 29 0 0
26 29 0 0
25 29 3 1.56893
24 30 0 0
23 31 0 0
0 0
1 0.287348
2 0.574696
3 0.862044
4 1.14939
5 1.43674
6 1.72409
7 2.01144
8 1.34096
9 0.670478
10 0
32 29 0 0
31 29 0 0
30 29 0 0
29 29 0 0
28 29 0 0
27 29 0 0
26 29 0 0
25 29 4 2.01144
24 30 0 0
23 31 0 0
22 32 0 0
0 0
1 0.371391
2 0.742781
3 1.11417
4 1.48556
5 1.85695
6 2.22834
7 1.67126
8 1.11417
9 0.557086
10 0
31 29 0 0
30 29 0 0
29 29 0 0
28 29 0 0
27 29 0 0
26 29 0 0
25 29 5 2.22834
24 30 0 0
23 31 0 0
22 32 0 0
21 33 0 0
0 0
1 0.447214
2 0.894427
3 1.34164
4 1.78885
5 2.23607
6 1.78885
7 1.34164
8 0.894427
9 0.447214
10 0
30 29 0 0
29 29 0 0
28 29 0 0
27 29 0 0
26 29 0 0
25 29 6 2.23607
24 30 0 0
23 31 0 0
22 32 0 0
21 33 0 0
20 34 0 0
0 0
1 0.371391
2 0.742781
3 1.11417
4 1.48556
5 0.928477
6 0.371391
7 0.185695
8 0.742781
9 1.29987
10 0
29 29 0 0
28 29 0 0
27 29 0 0
26 29 0 0
25 29 7 2.23607
24 30 0 0
23 31 0 0
22 32 0 0
21 33 0 0
20 34 0 0
19 33 0 0
0 0
1 0.287348
2 0.574696
3 0.862044
4 0.191565
5 0.478913
6 1.14939
7 1.81987
8 2.49035
9 1.24517
10 0
28 29 0 0
27 29 0 0
26 29 0 0
25 29 7 2.23607
24 30 0 0
23 31 0 0
22 32 0 0
21 33 0 0
20 34 1 2.49035
19 33 0 0
18 32 0 0
0 0
1 0.196116
2 0.392232
3 0.392232
4 1.1767
5 1.96116
6 2.74563
7 3.53009
8 2.35339
9 1.1767
10 0
27 29 0 0
26 29 0 0
25 29 7 2.23607
24 30 0 0
23 31 0 0
22 32 0 0
21 33 0 0
20 34 2 3.53009
19 33 0 0
18 32 0 0
17 31 0 0
0 0
1 0.0995037
2 0.79603
3 1.69156
4 2.5871
5 3.48263
6 4.37816
7 3.28362
8 2.18908
9 1.09454
10 0
26 29 0 0
25 29 7 2.23607
24 30 0 0
23 31 0 0
22 32 0 0
21 33 0 0
20 34 3 4.37816
19 33 0 0
18 32 0 0
17 31 0 0
16 30 0 0
0 0
1 1
2 2
3 3
4 4
5 5
6 4
7 3
8 2
9 1
10 0
25 29 7 2.23607
24 30 0 0
23 31 0 0
22 32 0 0
21 33 0 0
20 34 4 5
19 33 0 0
18 32 0 0
17 31 0 0
16 30 0 0
15 29 0 0
0 0
1 1.09454
2 2.18908
3 3.28362
4 4.37816
5 3.48263
6 2.5871
7 1.69156
8 0.79603
9 0.0995037
10 0
24 30 0 0
23 31 0 0
22 32 0 0
21 33 0 0
20 34 5 5
19 33 0 0
18 32 0 0
17 31 0 0
16 30 0 0
15 29 0 0
14 29 0 0
0 0
1 1.1767
2 2.35339
3 3.53009
4 2.74563
5 1.96116
6 1.1767
7 0.392232
8 0.392232
9 0.196116
10 0
23 31 0 0
22 32 0 0
21 33 0 0
20 34 6 5
19 33 0 0
18 32 0 0
17 31 0 0
16 30 0 0
15 29 0 0
14 29 0 0
13 29 0 0
0 0
1 1.24517
2 2.49035
3 1.81987
4 1.14939
5 0.478913
6 0.191565
7 0.862044
8 0.574696
9 0.287348
10 0
22 32 0 0
21 33 0 0
20 34 7 5
19 33 0 0
18 32 0 0
17 31 0 0
16 30 0 0
15 29 0 0
14 29 0 0
13 29 0 0
12 29 0 0
0 0
1 1.29987
2 0.742781
3 0.185695
4 0.371391
5 0.928477
6 1.48556
7 1.11417
8 0.742781
9 0.371391
10 0
21 33 0 0
20 34 7 5
19 33 0 0
18 32 0 0
17 31 0 0
16 30 0 0
15 29 1 1.48556
14 29 0 0
13 29 0 0
12 29 0 0
11 29 0 0
0 0
1 0.447214
2 0.894427
3 1.34164
4 1.78885
5 2.23607
6 1.78885
7 1.34164
8 0.894427
9 0.447214
10 0
20 34 7 5
19 33 0 0
18 32 0 0
17 31 0 0
16 30 0 0
15 29 2 2.23607
14 29 0 0
13 29 0 0
12 29 0 0
11 29 0 0
10 29 0 0
0 0
1 0.557086
2 1.11417
3 1.67126
4 2.22834
5 1.85695
6 1.48556
7 1.11417
8 0.742781
9 0.371391
10 0
19 33 0 0
18 32 0 0
17 31 0 0
16 30 0 0
15 29 3 2.23607
14 29 0 0
13 29 0 0
12 29 0 0
11 29 0 0
10 29 0 0
9 29 0 0
0 0
1 0.670478
2 1.34096
3 2.01144
4 1.72409
5 1.43674
6 1.14939
7 0.862044
8 0.574696
9 0.287348
10 0
18 32 0 0
17 31 0 0
16 30 0 0
15 29 4 2.23607
14 29 0 0
13 29 0 0
12 29 0 0
11 29 0 0
10 29 0 0
9 29 0 0
8 29 0 0
0 0
1 0.784465
2 1.56893
3 1.37281
4 1.1767
5 0.980581
6 0.784465
7 0.588348
8 0.392232
9 0.196116
10 0
17 31 0 0
16 30 0 0
15 29 5 2.23607
14 29 0 0
13 29 0 0
12 29 0 0
11 29 0 0
10 29 0 0
9 29 0 0
8 29 0 0
7 29 0 0
0 0
1 0.895533
2 0.79603
3 0.696526
4 0.597022
5 0.497519
6 0.398015
7 0.298511
8 0.199007
9 0.0995037
10 0
16 30 0 0
15 29 6 2.23607
14 29 0 0
13 29 0 0
12 29 0 0
11 29 0 0
10 29 0 0
9 29 0 0
8 29 0 0
7 29 0 0
6 29 0 0
0 0
1 0
2 0
3 0
4 0
5 0
6 0
7 0
8 0
9 0
10 0
15 29 6 2.23607
14 29 0 0
13 29 0 0
12 29 0 0
11 29 0 0
10 29 0 0
9 29 0 0
8 29 0 0
7 29 0 0
6 29 0 0
5 29 1 0
0 0
1 0.110432
2 0.220863
3 0.331295
4 0.441726
5 0.552158
6 0.662589
7 0.773021
8 0.883452
9 0.993884
10 0
14 29 0 0
13 29 0 0
12 29 0 0
11 29 0 0
10 29 0 0
9 29 0 0
8 29 0 0
7 29 0 0
6 29 0 0
5 29 2 0.993884
5 28 0 0
0 0
1 0.242536
2 0.485071
3 0.727607
4 0.970143
5 1.21268
6 1.45521
7 1.69775
8 1.94029
9 0.970143
10 0
13 29 0 0
12 29 0 0
11 29 0 0
10 29 0 0
9 29 0 0
8 29 0 0
7 29 0 0
6 29 0 0
5 29 3 1.94029
5 28 0 0
5 27 0 0
0 0
1 0.393919
2 0.787839
3 1.18176
4 1.57568
5 1.9696
6 2.36352
7 2.75744
8 1.83829
9 0.919145
10 0
12 29 0 0
11 29 0 0
10 29 0 0
9 29 0 0
8 29 0 0
7 29 0 0
6 29 0 0
5 29 4 2.75744
5 28 0 0
5 27 0 0
5 26 0 0
0 0
1 0.5547
2 1.1094
3 1.6641
4 2.2188
5 2.7735
6 3.3282
7 2.49615
8 1.6641
9 0.83205
10 0
11 29 0 0
10 29 0 0
9 29 0 0
8 29 0 0
7 29 0 0
6 29 0 0
5 29 5 3.3282
5 28 0 0
5 27 0 0
5 26 0 0
5 25 0 0
0 0
1 0.707107
2 1.41421
3 2.12132
4 2.82843
5 3.53553
6 2.82843
7 2.12132
8 1.41421
9 0.707107
10 0
10 29 0 0
9 29 0 0
8 29 0 0
7 29 0 0
6 29 0 0
5 29 6 3.53553
5 28 0 0
5 27 0 0
5 26 0 0
5 25 0 0
5 24 0 0
0 0
1 0.83205
2 1.6641
3 2.49615
4 3.3282
5 2.7735
6 2.2188
7 1.6641
8 1.1094
9 0.5547
10 0
9 29 0 0
8 29 0 0
7 29 0 0
6 29 0 0
5 29 7 3.53553
5 28 0 0
5 27 0 0
5 26 0 0
5 25 0 0
5 24 0 0
5 23 0 0
0 0
1 0.919145
2 1.83829
3 2.75744
4 2.36352
5 1.9696
6 1.57568
7 1.18176
8 0.787839
9 0.393919
10 0
8 29 0 0
7 29 0 0
6 29 0 0
5 29 8 3.53553
5 28 0 0
5 27 0 0
5 26 0 0
5 25 0 0
5 24 0 0
5 23 0 0
5 22 0 0
0 0
1 0.970143
2 1.94029
3 1.69775
4 1.45521
5 1.21268
6 0.970143
7 0.727607
8 0.485071
9 0.242536
10 0
7 29 0 0
6 29 0 0
5 29 9 3.53553
5 28 0 0
5 27 0 0
5 26 0 0
5 25 0 0
5 24 0 0
5 23 0 0
5 22 0 0
5 21 0 0
0 0
1 0.993884
2 0.883452
3 0.773021
4 0.662589
5 0.552158
6 0.441726
7 0.331295
8 0.220863
9 0.110432
10 0
6 29 0 0
5 29 10 3.53553
5 28 0 0
5 27 0 0
5 26 0 0
5 25 0 0
5 24 0 0
5 23 0 0
5 22 0 0
5 21 0 0
5 20 0 0
0 0
1 0
2 0
3 0
4 0
5 0
6 0
7 0
8 0
9 0
10 0
5 29 10 3.53553
5 28 0 0
5 27 0 0
5 26 0 0
5 25 0 0
5 24 0 0
5 23 0 0
5 22 0 0
5 21 0 0
5 20 0 0
5 19 1 0
0 0
1 0
2 0
3 0
4 0
5 0
6 0
7 0
8 0
9 0
10 0
5 28 0 0
5 27 0 0
5 26 0 0
5 25 0 0
5 24 0 0
5 23 0 0
5 22 0 0
5 21 0 0
5 20 0 0
5 19 1 0
5 18 1 0
0 0
1 0
2 0
3 0
4 0
5 0
6 0
7 0
8 0
9 0
10 0
5 27 0 0
5 26 0 0
5 25 0 0
5 24 0 0
5 23 0 0
5 22 0 0
5 21 0 0
5 20 0 0
5 19 1 0
5 18 1 0
5 17 1 0
0 0
1 0
2 0
3 0
4 0
5 0
6 0
7 0
8 0
9 0
10 0
5 26 0 0
5 25 0 0
5 24 0 0
5 23 0 0
5 22 0 0
5 21 0 0
5 20 0 0
5 19 1 0
5 18 1 0
5 17 1 0
5 16 1 0
0 0
1 0
2 0
3 0
4 0
5 0
6 0
7 0
8 0
9 0
10 0
5 25 0 0
5 24 0 0
5 23 0 0
5 22 0 0
5 21 0 0
5 20 0 0
5 19 1 0
5 18 1 0
5 17 1 0
5 16 1 0
5 15 1 0
0 0
1 0
2 0
3 0
4 0
5 0
6 0
7 0
8 0
9 0
10 0
5 24 0 0
5 23 0 0
5 22 0 0
5 21 0 0
5 20 0 0
5 19 1 0
5 18 1 0
5 17 1 0
5 16 1 0
5 15 1 0
5 14 1 0
0 0
1 0
2 0
3 0
4 0
5 0
6 0
7 0
8 0
9 0
10 0
5 23 0 0
5 22 0 0
5 21 0 0
5 20 0 0
5 19 1 0
5 18 1 0
5 17 1 0
5 16 1 0
5 15 1 0
5 14 1 0
5 13 1 0
0 0
1 0
2 0
3 0
4 0
5 0
6 0
7 0
8 0
9 0
10 0
5 22 0 0
5 21 0 0
5 20 0 0
5 19 1 0
5 18 1 0
5 17 1 0
5 16 1 0
5 15 1 0
5 14 1 0
5 13 1 0
5 12 1 0
0 0
1 0
2 0
3 0
4 0
5 0
6 0
7 0
8 0
9 0
10 0
5 21 0 0
5 20 0 0
5 19 1 0
5 18 1 0
5 17 1 0
5 16 1 0
5 15 1 0
5 14 1 0
5 13 1 0
5 12 1 0
5 11 1 0
0 0
1 0
2 0
3 0
4 0
5 0
6 0
7 0
8 0
9 0
10 0
5 20 0 0
5 19 1 0
5 18 1 0
5 17 1 0
5 16 1 0
5 15 1 0
5 14 1 0
5 13 1 0
5 12 1 0
5 11 1 0
5 10 1 0
0 0
1 0
2 0
3 0
4 0
5 0
6 0
7 0
8 0
9 0
10 0
5 19 1 0
5 18 1 0
5 17 1 0
5 16 1 0
5 15 1 0
5 14 1 0
5 13 1 0
5 12 1 0
5 11 1 0
5 10 1 0
5 9 1 0
0 0
1 0
2 0
3 0
4 0
5 0
6 0
7 0
8 0
9 0
10 0
5 18 1 0
5 17 1 0
5 16 1 0
5 15 1 0
5 14 1 0
5 13 1 0
5 12 1 0
5 11 1 0
5 10 1 0
5 9 1 0
5 8 1 0
0 0
1 0
2 0
3 0
4 0
5 0
6 0
7 0
8 0
9 0
10 0
5 17 1 0
5 16 1 0
5 15 1 0
5 14 1 0
5 13 1 0
5 12 1 0
5 11 1 0
5 10 1 0
5 9 1 0
5 8 1 0
5 7 1 0
0 0
1 0
2 0
3 0
4 0
5 0
6 0
7 0
8 0
9 0
10 0
5 16 1 0
5 15 1 0
5 14 1 0
5 13 1 0
5 12 1 0
5 11 1 0
5 10 1 0
5 9 1 0
5 8 1 0
5 7 1 0
5 6 1 0
0 0
1 0
2 0
3 0
4 0
5 0
6 0
7 0
8 0
9 0
10 0
0 0
1 0.110432
2 0.220863
3 0.331295
4 0.441726
5 0.552158
6 0.662589
7 0.773021
8 0.883452
9 0.993884
10 0
0 0
1 0.242536
2 0.485071
3 0.727607
4 0.970143
5 1.21268
6 1.45521
7 1.69775
8 1.94029
9 0.970143
10 0
0 0
1 0.393919
2 0.787839
3 1.18176
4 1.57568
5 1.9696
6 2.36352
7 2.75744
8 1.83829
9 0.919145
10 0
0 0
1 0.5547
2 1.1094
3 1.6641
4 2.2188
5 2.7735
6 3.3282
7 2.49615
8 1.6641
9 0.83205
10 0
(5, 5, 5, 3.3282) (6, 5, 0, 0) (7, 5, 0, 0) (8, 5, 0, 0) (9, 5, 0, 0) 
(10, 5, 0, 0) (11, 5, 0, 0) (12, 5, 0, 0) (13, 5, 0, 0) (14, 5, 0, 0) 
(15, 5, 7, 2.23607) (16, 6, 0, 0) (17, 7, 0, 0) (18, 8, 0, 0) (19, 9, 0, 0) 
(20, 10, 7, 5) (21, 9, 0, 0) (22, 8, 0, 0) (23, 7, 0, 0) (24, 6, 0, 0) 
(25, 5, 6, 2.23607) (26, 5, 0, 0) (27, 5, 0, 0) (28, 5, 0, 0) (29, 5, 0, 0) 
(30, 5, 0, 0) (31, 5, 0, 0) (32, 5, 0, 0) (33, 5, 0, 0) (34, 5, 0, 0) 
(35, 5, 10, 3.53553) (35, 6, 0, 0) (35, 7, 0, 0) (35, 8, 0, 0) (35, 9, 0, 0) 
(35, 10, 0, 0) (35, 11, 0, 0) (35, 12, 0, 0) (35, 13, 0, 0) (35, 14, 0, 0) 
(35, 15, 1, 0) (35, 16, 1, 0) (35, 17, 1, 0) (35, 18, 1, 0) (35, 19, 1, 0) 
(35, 20, 1, 0) (35, 21, 1, 0) (35, 22, 1, 0) (35, 23, 1, 0) (35, 24, 1, 0) 
(35, 25, 1, 0) (35, 26, 1, 0) (35, 27, 1, 0) (35, 28, 1, 0) (35, 29, 10, 3.53553) 
(34, 29, 0, 0) (33, 29, 0, 0) (32, 29, 0, 0) (31, 29, 0, 0) (30, 29, 0, 0) 
(29, 29, 0, 0) (28, 29, 0, 0) (27, 29, 0, 0) (26, 29, 0, 0) (25, 29, 7, 2.23607) 
(24, 30, 0, 0) (23, 31, 0, 0) (22, 32, 0, 0) (21, 33, 0, 0) (20, 34, 7, 5) 
(19, 33, 0, 0) (18, 32, 0, 0) (17, 31, 0, 0) (16, 30, 0, 0) (15, 29, 6, 2.23607) 
(14, 29, 0, 0) (13, 29, 0, 0) (12, 29, 0, 0) (11, 29, 0, 0) (10, 29, 0, 0) 
(9, 29, 0, 0) (8, 29, 0, 0) (7, 29, 0, 0) (6, 29, 0, 0) (5, 29, 10, 3.53553) 
(5, 28, 0, 0) (5, 27, 0, 0) (5, 26, 0, 0) (5, 25, 0, 0) (5, 24, 0, 0) 
(5, 23, 0, 0) (5, 22, 0, 0) (5, 21, 0, 0) (5, 20, 0, 0) (5, 19, 1, 0) 
(5, 18, 1, 0) (5, 17, 1, 0) (5, 16, 1, 0) (5, 15, 1, 0) (5, 14, 1, 0) 
(5, 13, 1, 0) (5, 12, 1, 0) (5, 11, 1, 0) (5, 10, 1, 0) (5, 9, 1, 0) 
(5, 8, 1, 0) (5, 7, 1, 0) (5, 6, 1, 0) 