0 0
1 0.164399
2 0.328798
3 0.493197
4 0.657596
5 0.821995
6 0.986394
7 1.15079
8 1.31519
9 1.47959
10 1.64399
11 0.821995
12 0
5 5 0 0
6 5 0 0
7 5 0 0
8 5 0 0
9 5 0 0
10 5 0 0
11 5 0 0
12 5 0 0
13 5 0 0
14 5 0 0
15 5 1 1.64399
16 6 0 0
17 7 0 0
0 0
1 0.242536
2 0.485071
3 0.727607
4 0.970143
5 1.21268
6 1.45521
7 1.69775
8 1.94029
9 2.18282
10 1.45521
11 0.727607
12 0
6 5 0 0
7 5 0 0
8 5 0 0
9 5 0 0
10 5 0 0
11 5 0 0
12 5 0 0
13 5 0 0
14 5 0 0
15 5 2 2.18282
16 6 0 0
17 7 0 0
18 8 0 0
0 0
1 0.316228
2 0.632456
3 0.948683
4 1.26491
5 1.58114
6 1.89737
7 2.21359
8 2.52982
9 1.89737
10 1.26491
11 0.632456
12 0
7 5 0 0
8 5 0 0
9 5 0 0
10 5 0 0
11 5 0 0
12 5 0 0
13 5 0 0
14 5 0 0
15 5 3 2.52982
16 6 0 0
17 7 0 0
18 8 0 0
19 9 0 0
0 0
1 0.384615
2 0.769231
3 1.15385
4 1.53846
5 1.92308
6 2.30769
7 2.69231
8 2.15385
9 1.61538
10 1.07692
11 0.538462
12 0
8 5 0 0
9 5 0 0
10 5 0 0
11 5 0 0
12 5 0 0
13 5 0 0
14 5 0 0
15 5 4 2.69231
16 6 0 0
17 7 0 0
18 8 0 0
19 9 0 0
20 10 0 0
0 0
1 0.316228
2 0.632456
3 0.948683
4 1.26491
5 1.58114
6 1.89737
7 1.26491
8 0.632456
9 0
10 0.632456
11 1.26491
12 0
9 5 0 0
10 5 0 0
11 5 0 0
12 5 0 0
13 5 0 0
14 5 0 0
15 5 5 2.69231
16 6 0 0
17 7 0 0
18 8 0 0
19 9 0 0
20 10 0 0
21 9 0 0
0 0
1 0.242536
2 0.485071
3 0.727607
4 0.970143
5 1.21268
6 0.485071
7 0.242536
8 0.970143
9 1.69775
10 2.42536
11 1.21268
12 0
10 5 0 0
11 5 0 0
12 5 0 0
13 5 0 0
14 5 0 0
15 5 5 2.69231
16 6 0 0
17 7 0 0
18 8 0 0
19 9 0 0
20 10 1 2.42536
21 9 0 0
22 8 0 0
0 0
1 0.164399
2 0.328798
3 0.493197
4 0.657596
5 0.164399
6 0.986394
7 1.80839
8 2.63038
9 3.45238
10 2.30159
11 1.15079
12 0
11 5 0 0
12 5 0 0
13 5 0 0
14 5 0 0
15 5 5 2.69231
16 6 0 0
17 7 0 0
18 8 0 0
19 9 0 0
20 10 2 3.45238
21 9 0 0
22 8 0 0
23 7 0 0
0 0
1 0.0830455
2 0.166091
3 0.249136
4 0.664364
5 1.57786
6 2.49136
7 3.40486
8 4.31836
9 3.23877
10 2.15918
11 1.07959
12 0
12 5 0 0
13 5 0 0
14 5 0 0
15 5 5 2.69231
16 6 0 0
17 7 0 0
18 8 0 0
19 9 0 0
20 10 3 4.31836
21 9 0 0
22 8 0 0
23 7 0 0
24 6 0 0
0 0
1 0
2 0
3 1
4 2
5 3
6 4
7 5
8 4
9 3
10 2
11 1
12 0
13 5 0 0
14 5 0 0
15 5 5 2.69231
16 6 0 0
17 7 0 0
18 8 0 0
19 9 0 0
20 10 4 5
21 9 0 0
22 8 0 0
23 7 0 0
24 6 0 0
25 5 0 0
0 0
1 0
2 1
3 2
4 3
5 4
6 5
7 4
8 3
9 2
10 1
11 0
12 0
14 5 0 0
15 5 5 2.69231
16 6 0 0
17 7 0 0
18 8 0 0
19 9 0 0
20 10 5 5
21 9 0 0
22 8 0 0
23 7 0 0
24 6 0 0
25 5 0 0
26 5 0 0
0 0
1 1
2 2
3 3
4 4
5 5
6 4
7 3
8 2
9 1
10 0
11 0
12 0
15 5 5 2.69231
16 6 0 0
17 7 0 0
18 8 0 0
19 9 0 0
20 10 6 5
21 9 0 0
22 8 0 0
23 7 0 0
24 6 0 0
25 5 0 0
26 5 0 0
27 5 0 0
0 0
1 1.07959
2 2.15918
3 3.23877
4 4.31836
5 3.40486
6 2.49136
7 1.57786
8 0.664364
9 0.249136
10 0.166091
11 0.0830455
12 0
16 6 0 0
17 7 0 0
18 8 0 0
19 9 0 0
20 10 7 5
21 9 0 0
22 8 0 0
23 7 0 0
24 6 0 0
25 5 0 0
26 5 0 0
27 5 0 0
28 5 0 0
0 0
1 1.15079
2 2.30159
3 3.45238
4 2.63038
5 1.80839
6 0.986394
7 0.164399
8 0.657596
9 0.493197
10 0.328798
11 0.164399
12 0
17 7 0 0
18 8 0 0
19 9 0 0
20 10 8 5
21 9 0 0
22 8 0 0
23 7 0 0
24 6 0 0
25 5 0 0
26 5 0 0
27 5 0 0
28 5 0 0
29 5 0 0
0 0
1 1.21268
2 2.42536
3 1.69775
4 0.970143
5 0.242536
6 0.485071
7 1.21268
8 0.970143
9 0.727607
10 0.485071
11 0.242536
12 0
18 8 0 0
19 9 0 0
20 10 9 5
21 9 0 0
22 8 0 0
23 7 0 0
24 6 0 0
25 5 0 0
26 5 0 0
27 5 0 0
28 5 0 0
29 5 0 0
30 5 0 0
0 0
1 1.26491
2 0.632456
3 0
4 0.632456
5 1.26491
6 1.89737
7 1.58114
8 1.26491
9 0.948683
10 0.632456
11 0.316228
12 0
19 9 0 0
20 10 9 5
21 9 0 0
22 8 0 0
23 7 0 0
24 6 0 0
25 5 1 1.89737
26 5 0 0
27 5 0 0
28 5 0 0
29 5 0 0
30 5 0 0
31 5 0 0
0 0
1 0.538462
2 1.07692
3 1.61538
4 2.15385
5 2.69231
6 2.30769
7 1.92308
8 1.53846
9 1.15385
10 0.769231
11 0.384615
12 0
20 10 9 5
21 9 0 0
22 8 0 0
23 7 0 0
24 6 0 0
25 5 2 2.69231
26 5 0 0
27 5 0 0
28 5 0 0
29 5 0 0
30 5 0 0
31 5 0 0
32 5 0 0
0 0
1 0.632456
2 1.26491
3 1.89737
4 2.52982
5 2.21359
6 1.89737
7 1.58114
8 1.26491
9 0.948683
10 0.632456
11 0.316228
12 0
21 9 0 0
22 8 0 0
23 7 0 0
24 6 0 0
25 5 3 2.69231
26 5 0 0
27 5 0 0
28 5 0 0
29 5 0 0
30 5 0 0
31 5 0 0
32 5 0 0
33 5 0 0
0 0
1 0.727607
2 1.45521
3 2.18282
4 1.94029
5 1.69775
6 1.45521
7 1.21268
8 0.970143
9 0.727607
10 0.485071
11 0.242536
12 0
22 8 0 0
23 7 0 0
24 6 0 0
25 5 4 2.69231
26 5 0 0
27 5 0 0
28 5 0 0
29 5 0 0
30 5 0 0
31 5 0 0
32 5 0 0
33 5 0 0
34 5 0 0
0 0
1 0.821995
2 1.64399
3 1.47959
4 1.31519
5 1.15079
6 0.986394
7 0.821995
8 0.657596
9 0.493197
10 0.328798
11 0.164399
12 0
23 7 0 0
24 6 0 0
25 5 5 2.69231
26 5 0 0
27 5 0 0
28 5 0 0
29 5 0 0
30 5 0 0
31 5 0 0
32 5 0 0
33 5 0 0
34 5 0 0
35 5 0 0
0 0
1 1
2 1
3 1
4 1
5 1
6 1
7 1
8 1
9 1
10 1
11 1
12 0
24 6 0 0
25 5 5 2.69231
26 5 0 0
27 5 0 0
28 5 0 0
29 5 0 0
30 5 0 0
31 5 0 0
32 5 0 0
33 5 0 0
34 5 0 0
35 5 1 1
35 6 0 0
0 0
1 0.196116
2 0.392232
3 0.588348
4 0.784465
5 0.980581
6 1.1767
7 1.37281
8 1.56893
9 1.76505
10 1.96116
11 0.980581
12 0
25 5 5 2.69231
26 5 0 0
27 5 0 0
28 5 0 0
29 5 0 0
30 5 0 0
31 5 0 0
32 5 0 0
33 5 0 0
34 5 0 0
35 5 2 1.96116
35 6 0 0
35 7 0 0
0 0
1 0.316228
2 0.632456
3 0.948683
4 1.26491
5 1.58114
6 1.89737
7 2.21359
8 2.52982
9 2.84605
10 1.89737
11 0.948683
12 0
26 5 0 0
27 5 0 0
28 5 0 0
29 5 0 0
30 5 0 0
31 5 0 0
32 5 0 0
33 5 0 0
34 5 0 0
35 5 3 2.84605
35 6 0 0
35 7 0 0
35 8 0 0
0 0
1 0.447214
2 0.894427
3 1.34164
4 1.78885
5 2.23607
6 2.68328
7 3.1305
8 3.57771
9 2.68328
10 1.78885
11 0.894427
12 0
27 5 0 0
28 5 0 0
29 5 0 0
30 5 0 0
31 5 0 0
32 5 0 0
33 5 0 0
34 5 0 0
35 5 4 3.57771
35 6 0 0
35 7 0 0
35 8 0 0
35 9 0 0
0 0
1 0.581238
2 1.16248
3 1.74371
4 2.32495
5 2.90619
6 3.48743
7 4.06867
8 3.25493
9 2.4412
10 1.62747
11 0.813733
12 0
28 5 0 0
29 5 0 0
30 5 0 0
31 5 0 0
32 5 0 0
33 5 0 0
34 5 0 0
35 5 5 4.06867
35 6 0 0
35 7 0 0
35 8 0 0
35 9 0 0
35 10 0 0
0 0
1 0.707107
2 1.41421
3 2.12132
4 2.82843
5 3.53553
6 4.24264
7 3.53553
8 2.82843
9 2.12132
10 1.41421
11 0.707107
12 0
29 5 0 0
30 5 0 0
31 5 0 0
32 5 0 0
33 5 0 0
34 5 0 0
35 5 6 4.24264
35 6 0 0
35 7 0 0
35 8 0 0
35 9 0 0
35 10 0 0
35 11 0 0
0 0
1 0.813733
2 1.62747
3 2.4412
4 3.25493
5 4.06867
6 3.48743
7 2.90619
8 2.32495
9 1.74371
10 1.16248
11 0.581238
12 0
30 5 0 0
31 5 0 0
32 5 0 0
33 5 0 0
34 5 0 0
35 5 7 4.24264
35 6 0 0
35 7 0 0
35 8 0 0
35 9 0 0
35 10 0 0
35 11 0 0
35 12 0 0
0 0
1 0.894427
2 1.78885
3 2.68328
4 3.57771
5 3.1305
6 2.68328
7 2.23607
8 1.78885
9 1.34164
10 0.894427
11 0.447214
12 0
31 5 0 0
32 5 0 0
33 5 0 0
34 5 0 0
35 5 8 4.24264
35 6 0 0
35 7 0 0
35 8 0 0
35 9 0 0
35 10 0 0
35 11 0 0
35 12 0 0
35 13 0 0
0 0
1 0.948683
2 1.89737
3 2.84605
4 2.52982
5 2.21359
6 1.89737
7 1.58114
8 1.26491
9 0.948683
10 0.632456
11 0.316228
12 0
32 5 0 0
33 5 0 0
34 5 0 0
35 5 9 4.24264
35 6 0 0
35 7 0 0
35 8 0 0
35 9 0 0
35 10 0 0
35 11 0 0
35 12 0 0
35 13 0 0
35 14 0 0
0 0
1 0.980581
2 1.96116
3 1.76505
4 1.56893
5 1.37281
6 1.1767
7 0.980581
8 0.784465
9 0.588348
10 0.392232
11 0.196116
12 0
33 5 0 0
34 5 0 0
35 5 10 4.24264
35 6 0 0
35 7 0 0
35 8 0 0
35 9 0 0
35 10 0 0
35 11 0 0
35 12 0 0
35 13 0 0
35 14 0 0
35 15 0 0
0 0
1 0.995893
2 0.905357
3 0.814822
4 0.724286
5 0.63375
6 0.543214
7 0.452679
8 0.362143
9 0.271607
10 0.181071
11 0.0905357
12 0
34 5 0 0
35 5 11 4.24264
35 6 0 0
35 7 0 0
35 8 0 0
35 9 0 0
35 10 0 0
35 11 0 0
35 12 0 0
35 13 0 0
35 14 0 0
35 15 0 0
35 16 0 0
0 0
1 0
2 0
3 0
4 0
5 0
6 0
7 0
8 0
9 0
10 0
11 0
12 0
35 5 11 4.24264
35 6 0 0
35 7 0 0
35 8 0 0
35 9 0 0
35 10 0 0
35 11 0 0
35 12 0 0
35 13 0 0
35 14 0 0
35 15 0 0
35 16 0 0
35 17 1 0
0 0
1 0
2 0
3 0
4 0
5 0
6 0
7 0
8 0
9 0
10 0
11 0
12 0
35 6 0 0
35 7 0 0
35 8 0 0
35 9 0 0
35 10 0 0
35 11 0 0
35 12 0 0
35 13 0 0
35 14 0 0
35 15 0 0
35 16 0 0
35 17 1 0
35 18 1 0
0 0
1 0
2 0
3 0
4 0
5 0
6 0
7 0
8 0
9 0
10 0
11 0
12 0
35 7 0 0
35 8 0 0
35 9 0 0
35 10 0 0
35 11 0 0
35 12 0 0
35 13 0 0
35 14 0 0
35 15 0 0
35 16 0 0
35 17 1 0
35 18 1 0
35 19 1 0
0 0
1 0
2 0
3 0
4 0
5 0
6 0
7 0
8 0
9 0
10 0
11 0
12 0
35 8 0 0
35 9 0 0
35 10 0 0
35 11 0 0
35 12 0 0
35 13 0 0
35 14 0 0
35 15 0 0
35 16 0 0
35 17 1 0
35 18 1 0
35 19 1 0
35 20 1 0
0 0
1 0
2 0
3 0
4 0
5 0
6 0
7 0
8 0
9 0
10 0
11 0
12 0
35 9 0 0
35 10 0 0
35 11 0 0
35 12 0 0
35 13 0 0
35 14 0 0
35 15 0 0
35 16 0 0
35 17 1 0
35 18 1 0
35 19 1 0
35 20 1 0
35 21 1 0
0 0
1 0
2 0
3 0
4 0
5 0
6 0
7 0
8 0
9 0
10 0
11 0
12 0
35 10 0 0
35 11 0 0
35 12 0 0
35 13 0 0
35 14 0 0
35 15 0 0
35 16 0 0
35 17 1 0
35 18 1 0
35 19 1 0
35 20 1 0
35 21 1 0
35 22 1 0
0 0
1 0
2 0
3 0
4 0
5 0
6 0
7 0
8 0
9 0
10 0
11 0
12 0
35 11 0 0
35 12 0 0
35 13 0 0
35 14 0 0
35 15 0 0
35 16 0 0
35 17 1 0
35 18 1 0
35 19 1 0
35 20 1 0
35 21 1 0
35 22 1 0
35 23 1 0
0 0
1 0
2 0
3 0
4 0
5 0
6 0
7 0
8 0
9 0
10 0
11 0
12 0
35 12 0 0
35 13 0 0
35 14 0 0
35 15 0 0
35 16 0 0
35 17 1 0
35 18 1 0
35 19 1 0
35 20 1 0
35 21 1 0
35 22 1 0
35 23 1 0
35 24 1 0
0 0
1 0
2 0
3 0
4 0
5 0
6 0
7 0
8 0
9 0
10 0
11 0
12 0
35 13 0 0
35 14 0 0
35 15 0 0
35 16 0 0
35 17 1 0
35 18 1 0
35 19 1 0
35 20 1 0
35 21 1 0
35 22 1 0
35 23 1 0
35 24 1 0
35 25 1 0
0 0
1 0
2 0
3 0
4 0
5 0
6 0
7 0
8 0
9 0
10 0
11 0
12 0
35 14 0 0
35 15 0 0
35 16 0 0
35 17 1 0
35 18 1 0
35 19 1 0
35 20 1 0
35 21 1 0
35 22 1 0
35 23 1 0
35 24 1 0
35 25 1 0
35 26 1 0
0 0
1 0
2 0
3 0
4 0
5 0
6 0
7 0
8 0
9 0
10 0
11 0
12 0
35 15 0 0
35 16 0 0
35 17 1 0
35 18 1 0
35 19 1 0
35 20 1 0
35 21 1 0
35 22 1 0
35 23 1 0
35 24 1 0
35 25 1 0
35 26 1 0
35 27 1 0
0 0
1 0
2 0
3 0
4 0
5 0
6 0
7 0
8 0
9 0
10 0
11 0
12 0
35 16 0 0
35 17 1 0
35 18 1 0
35 19 1 0
35 20 1 0
35 21 1 0
35 22 1 0
35 23 1 0
35 24 1 0
35 25 1 0
35 26 1 0
35 27 1 0
35 28 1 0
0 0
1 0
2 0
3 0
4 0
5 0
6 0
7 0
8 0
9 0
10 0
11 0
12 0
35 17 1 0
35 18 1 0
35 19 1 0
35 20 1 0
35 21 1 0
35 22 1 0
35 23 1 0
35 24 1 0
35 25 1 0
35 26 1 0
35 27 1 0
35 28 1 0
35 29 1 0
0 0
1 0.0905357
2 0.181071
3 0.271607
4 0.362143
5 0.452679
6 0.543214
7 0.63375
8 0.724286
9 0.814822
10 0.905357
11 0.995893
12 0
35 18 1 0
35 19 1 0
35 20 1 0
35 21 1 0
35 22 1 0
35 23 1 0
35 24 1 0
35 25 1 0
35 26 1 0
35 27 1 0
35 28 1 0
35 29 2 0.995893
34 29 0 0
0 0
1 0.196116
2 0.392232
3 0.588348
4 0.784465
5 0.980581
6 1.1767
7 1.37281
8 1.56893
9 1.76505
10 1.96116
11 0.980581
12 0
35 19 1 0
35 20 1 0
35 21 1 0
35 22 1 0
35 23 1 0
35 24 1 0
35 25 1 0
35 26 1 0
35 27 1 0
35 28 1 0
35 29 3 1.96116
34 29 0 0
33 29 0 0
0 0
1 0.316228
2 0.632456
3 0.948683
4 1.26491
5 1.58114
6 1.89737
7 2.21359
8 2.52982
9 2.84605
10 1.89737
11 0.948683
12 0
35 20 1 0
35 21 1 0
35 22 1 0
35 23 1 0
35 24 1 0
35 25 1 0
35 26 1 0
35 27 1 0
35 28 1 0
35 29 4 2.84605
34 29 0 0
33 29 0 0
32 29 0 0
0 0
1 0.447214
2 0.894427
3 1.34164
4 1.78885
5 2.23607
6 2.68328
7 3.1305
8 3.57771
9 2.68328
10 1.78885
11 0.894427
12 0
35 21 1 0
35 22 1 0
35 23 1 0
35 24 1 0
35 25 1 0
35 26 1 0
35 27 1 0
35 28 1 0
35 29 5 3.57771
34 29 0 0
33 29 0 0
32 29 0 0
31 29 0 0
0 0
1 0.581238
2 1.16248
3 1.74371
4 2.32495
5 2.90619
6 3.48743
7 4.06867
8 3.25493
9 2.4412
10 1.62747
11 0.813733
12 0
35 22 1 0
35 23 1 0
35 24 1 0
35 25 1 0
35 26 1 0
35 27 1 0
35 28 1 0
35 29 6 4.06867
34 29 0 0
33 29 0 0
32 29 0 0
31 29 0 0
30 29 0 0
0 0
1 0.707107
2 1.41421
3 2.12132
4 2.82843
5 3.53553
6 4.24264
7 3.53553
8 2.82843
9 2.12132
10 1.41421
11 0.707107
12 0
35 23 1 0
35 24 1 0
35 25 1 0
35 26 1 0
35 27 1 0
35 28 1 0
35 29 7 4.24264
34 29 0 0
33 29 0 0
32 29 0 0
31 29 0 0
30 29 0 0
29 29 0 0
0 0
1 0.813733
2 1.62747
3 2.4412
4 3.25493
5 4.06867
6 3.48743
7 2.90619
8 2.32495
9 1.74371
10 1.16248
11 0.581238
12 0
35 24 1 0
35 25 1 0
35 26 1 0
35 27 1 0
35 28 1 0
35 29 8 4.24264
34 29 0 0
33 29 0 0
32 29 0 0
31 29 0 0
30 29 0 0
29 29 0 0
28 29 0 0
0 0
1 0.894427
2 1.78885
3 2.68328
4 3.57771
5 3.1305
6 2.68328
7 2.23607
8 1.78885
9 1.34164
10 0.894427
11 0.447214
12 0
35 25 1 0
35 26 1 0
35 27 1 0
35 28 1 0
35 29 9 4.24264
34 29 0 0
33 29 0 0
32 29 0 0
31 29 0 0
30 29 0 0
29 29 0 0
28 29 0 0
27 29 0 0
0 0
1 0.948683
2 1.89737
3 2.84605
4 2.52982
5 2.21359
6 1.89737
7 1.58114
8 1.26491
9 0.948683
10 0.632456
11 0.316228
12 0
35 26 1 0
35 27 1 0
35 28 1 0
35 29 10 4.24264
34 29 0 0
33 29 0 0
32 29 0 0
31 29 0 0
30 29 0 0
29 29 0 0
28 29 0 0
27 29 0 0
26 29 0 0
0 0
1 0.980581
2 1.96116
3 1.76505
4 1.56893
5 1.37281
6 1.1767
7 0.980581
8 0.784465
9 0.588348
10 0.392232
11 0.196116
12 0
35 27 1 0
35 28 1 0
35 29 11 4.24264
34 29 0 0
33 29 0 0
32 29 0 0
31 29 0 0
30 29 0 0
29 29 0 0
28 29 0 0
27 29 0 0
26 29 0 0
25 29 0 0
0 0
1 0.98387
2 0.804984
3 0.626099
4 0.447214
5 0.268328
6 0.0894427
7 0.0894427
8 0.268328
9 0.447214
10 0.626099
11 0.804984
12 0
35 28 1 0
35 29 12 4.24264
34 29 0 0
33 29 0 0
32 29 0 0
31 29 0 0
30 29 0 0
29 29 0 0
28 29 0 0
27 29 0 0
26 29 0 0
25 29 0 0
24 30 0 0
0 0
1 0.164399
2 0.328798
3 0.493197
4 0.657596
5 0.821995
6 0.986394
7 1.15079
8 1.31519
9 1.47959
10 1.64399
11 0.821995
12 0
35 29 12 4.24264
34 29 0 0
33 29 0 0
32 29 0 0
31 29 0 0
30 29 0 0
29 29 0 0
28 29 0 0
27 29 0 0
26 29 0 0
25 29 1 1.64399
24 30 0 0
23 31 0 0
0 0
1 0.242536
2 0.485071
3 0.727607
4 0.970143
5 1.21268
6 1.45521
7 1.69775
8 1.94029
9 2.18282
10 1.45521
11 0.727607
12 0
34 29 0 0
33 29 0 0
32 29 0 0
31 29 0 0
30 29 0 0
29 29 0 0
28 29 0 0
27 29 0 0
26 29 0 0
25 29 2 2.18282
24 30 0 0
23 31 0 0
22 32 0 0
0 0
1 0.316228
2 0.632456
3 0.948683
4 1.26491
5 1.58114
6 1.89737
7 2.21359
8 2.52982
9 1.89737
10 1.26491
11 0.632456
12 0
33 29 0 0
32 29 0 0
31 29 0 0
30 29 0 0
29 29 0 0
28 29 0 0
27 29 0 0
26 29 0 0
25 29 3 2.52982
24 30 0 0
23 31 0 0
22 32 0 0
21 33 0 0
0 0
1 0.384615
2 0.769231
3 1.15385
4 1.53846
5 1.92308
6 2.30769
7 2.69231
8 2.15385
9 1.61538
10 1.07692
11 0.538462
12 0
32 29 0 0
31 29 0 0
30 29 0 0
29 29 0 0
28 29 0 0
27 29 0 0
26 29 0 0
25 29 4 2.69231
24 30 0 0
23 31 0 0
22 32 0 0
21 33 0 0
20 34 0 0
0 0
1 0.316228
2 0.632456
3 0.948683
4 1.26491
5 1.58114
6 1.89737
7 1.26491
8 0.632456
9 0
10 0.632456
11 1.26491
12 0
31 29 0 0
30 29 0 0
29 29 0 0
28 29 0 0
27 29 0 0
26 29 0 0
25 29 5 2.69231
24 30 0 0
23 31 0 0
22 32 0 0
21 33 0 0
20 34 0 0
19 33 0 0
0 0
1 0.242536
2 0.485071
3 0.727607
4 0.970143
5 1.21268
6 0.485071
7 0.242536
8 0.970143
9 1.69775
10 2.42536
11 1.21268
12 0
30 29 0 0
29 29 0 0
28 29 0 0
27 29 0 0
26 29 0 0
25 29 5 2.69231
24 30 0 0
23 31 0 0
22 32 0 0
21 33 0 0
20 34 1 2.42536
19 33 0 0
18 32 0 0
0 0
1 0.164399
2 0.328798
3 0.493197
4 0.657596
5 0.164399
6 0.986394
7 1.80839
8 2.63038
9 3.45238
10 2.30159
11 1.15079
12 0
29 29 0 0
28 29 0 0
27 29 0 0
26 29 0 0
25 29 5 2.69231
24 30 0 0
23 31 0 0
22 32 0 0
21 33 0 0
20 34 2 3.45238
19 33 0 0
18 32 0 0
17 31 0 0
0 0
1 0.0830455
2 0.166091
3 0.249136
4 0.664364
5 1.57786
6 2.49136
7 3.40486
8 4.31836
9 3.23877
10 2.15918
11 1.07959
12 0
28 29 0 0
27 29 0 0
26 29 0 0
25 29 5 2.69231
24 30 0 0
23 31 0 0
22 32 0 0
21 33 0 0
20 34 3 4.31836
19 33 0 0
18 32 0 0
17 31 0 0
16 30 0 0
0 0
1 0
2 0
3 1
4 2
5 3
6 4
7 5
8 4
9 3
10 2
11 1
12 0
27 29 0 0
26 29 0 0
25 29 5 2.69231
24 30 0 0
23 31 0 0
22 32 0 0
21 33 0 0
20 34 4 5
19 33 0 0
18 32 0 0
17 31 0 0
16 30 0 0
15 29 0 0
0 0
1 0
2 1
3 2
4 3
5 4
6 5
7 4
8 3
9 2
10 1
11 0
12 0
26 29 0 0
25 29 5 2.69231
24 30 0 0
23 31 0 0
22 32 0 0
21 33 0 0
20 34 5 5
19 33 0 0
18 32 0 0
17 31 0 0
16 30 0 0
15 29 0 0
14 29 0 0
0 0
1 1
2 2
3 3
4 4
5 5
6 4
7 3
8 2
9 1
10 0
11 0
12 0
25 29 5 2.69231
24 30 0 0
23 31 0 0
22 32 0 0
21 33 0 0
20 34 6 5
19 33 0 0
18 32 0 0
17 31 0 0
16 30 0 0
15 29 0 0
14 29 0 0
13 29 0 0
0 0
1 1.07959
2 2.15918
3 3.23877
4 4.31836
5 3.40486
6 2.49136
7 1.57786
8 0.664364
9 0.249136
10 0.166091
11 0.0830455
12 0
24 30 0 0
23 31 0 0
22 32 0 0
21 33 0 0
20 34 7 5
19 33 0 0
18 32 0 0
17 31 0 0
16 30 0 0
15 29 0 0
14 29 0 0
13 29 0 0
12 29 0 0
0 0
1 1.15079
2 2.30159
3 3.45238
4 2.63038
5 1.80839
6 0.986394
7 0.164399
8 0.657596
9 0.493197
10 0.328798
11 0.164399
12 0
23 31 0 0
22 32 0 0
21 33 0 0
20 34 8 5
19 33 0 0
18 32 0 0
17 31 0 0
16 30 0 0
15 29 0 0
14 29 0 0
13 29 0 0
12 29 0 0
11 29 0 0
0 0
1 1.21268
2 2.42536
3 1.69775
4 0.970143
5 0.242536
6 0.485071
7 1.21268
8 0.970143
9 0.727607
10 0.485071
11 0.242536
12 0
22 32 0 0
21 33 0 0
20 34 9 5
19 33 0 0
18 32 0 0
17 31 0 0
16 30 0 0
15 29 0 0
14 29 0 0
13 29 0 0
12 29 0 0
11 29 0 0
10 29 0 0
0 0
1 1.26491
2 0.632456
3 0
4 0.632456
5 1.26491
6 1.89737
7 1.58114
8 1.26491
9 0.948683
10 0.632456
11 0.316228
12 0
21 33 0 0
20 34 9 5
19 33 0 0
18 32 0 0
17 31 0 0
16 30 0 0
15 29 1 1.89737
14 29 0 0
13 29 0 0
12 29 0 0
11 29 0 0
10 29 0 0
9 29 0 0
0 0
1 0.538462
2 1.07692
3 1.61538
4 2.15385
5 2.69231
6 2.30769
7 1.92308
8 1.53846
9 1.15385
10 0.769231
11 0.384615
12 0
20 34 9 5
19 33 0 0
18 32 0 0
17 31 0 0
16 30 0 0
15 29 2 2.69231
14 29 0 0
13 29 0 0
12 29 0 0
11 29 0 0
10 29 0 0
9 29 0 0
8 29 0 0
0 0
1 0.632456
2 1.26491
3 1.89737
4 2.52982
5 2.21359
6 1.89737
7 1.58114
8 1.26491
9 0.948683
10 0.632456
11 0.316228
12 0
19 33 0 0
18 32 0 0
17 31 0 0
16 30 0 0
15 29 3 2.69231
14 29 0 0
13 29 0 0
12 29 0 0
11 29 0 0
10 29 0 0
9 29 0 0
8 29 0 0
7 29 0 0
0 0
1 0.727607
2 1.45521
3 2.18282
4 1.94029
5 1.69775
6 1.45521
7 1.21268
8 0.970143
9 0.727607
10 0.485071
11 0.242536
12 0
18 32 0 0
17 31 0 0
16 30 0 0
15 29 4 2.69231
14 29 0 0
13 29 0 0
12 29 0 0
11 29 0 0
10 29 0 0
9 29 0 0
8 29 0 0
7 29 0 0
6 29 0 0
0 0
1 0.821995
2 1.64399
3 1.47959
4 1.31519
5 1.15079
6 0.986394
7 0.821995
8 0.657596
9 0.493197
10 0.328798
11 0.164399
12 0
17 31 0 0
16 30 0 0
15 29 5 2.69231
14 29 0 0
13 29 0 0
12 29 0 0
11 29 0 0
10 29 0 0
9 29 0 0
8 29 0 0
7 29 0 0
6 29 0 0
5 29 0 0
0 0
1 0.804984
2 0.626099
3 0.447214
4 0.268328
5 0.0894427
6 0.0894427
7 0.268328
8 0.447214
9 0.626099
10 0.804984
11 0.98387
12 0
16 30 0 0
15 29 5 2.69231
14 29 0 0
13 29 0 0
12 29 0 0
11 29 0 0
10 29 0 0
9 29 0 0
8 29 0 0
7 29 0 0
6 29 0 0
5 29 1 0.98387
5 28 0 0
0 0
1 0.196116
2 0.392232
3 0.588348
4 0.784465
5 0.980581
6 1.1767
7 1.37281
8 1.56893
9 1.76505
10 1.96116
11 0.980581
12 0
15 29 5 2.69231
14 29 0 0
13 29 0 0
12 29 0 0
11 29 0 0
10 29 0 0
9 29 0 0
8 29 0 0
7 29 0 0
6 29 0 0
5 29 2 1.96116
5 28 0 0
5 27 0 0
0 0
1 0.316228
2 0.632456
3 0.948683
4 1.26491
5 1.58114
6 1.89737
7 2.21359
8 2.52982
9 2.84605
10 1.89737
11 0.948683
12 0
14 29 0 0
13 29 0 0
12 29 0 0
11 29 0 0
10 29 0 0
9 29 0 0
8 29 0 0
7 29 0 0
6 29 0 0
5 29 3 2.84605
5 28 0 0
5 27 0 0
5 26 0 0
0 0
1 0.447214
2 0.894427
3 1.34164
4 1.78885
5 2.23607
6 2.68328
7 3.1305
8 3.57771
9 2.68328
10 1.78885
11 0.894427
12 0
13 29 0 0
12 29 0 0
11 29 0 0
10 29 0 0
9 29 0 0
8 29 0 0
7 29 0 0
6 29 0 0
5 29 4 3.57771
5 28 0 0
5 27 0 0
5 26 0 0
5 25 0 0
0 0
1 0.581238
2 1.16248
3 1.74371
4 2.32495
5 2.90619
6 3.48743
7 4.06867
8 3.25493
9 2.4412
10 1.62747
11 0.813733
12 0
12 29 0 0
11 29 0 0
10 29 0 0
9 29 0 0
8 29 0 0
7 29 0 0
6 29 0 0
5 29 5 4.06867
5 28 0 0
5 27 0 0
5 26 0 0
5 25 0 0
5 24 0 0
0 0
1 0.707107
2 1.41421
3 2.12132
4 2.82843
5 3.53553
6 4.24264
7 3.53553
8 2.82843
9 2.12132
10 1.41421
11 0.707107
12 0
11 29 0 0
10 29 0 0
9 29 0 0
8 29 0 0
7 29 0 0
6 29 0 0
5 29 6 4.24264
5 28 0 0
5 27 0 0
5 26 0 0
5 25 0 0
5 24 0 0
5 23 0 0
0 0
1 0.813733
2 1.62747
3 2.4412
4 3.25493
5 4.06867
6 3.48743
7 2.90619
8 2.32495
9 1.74371
10 1.16248
11 0.581238
12 0
10 29 0 0
9 29 0 0
8 29 0 0
7 29 0 0
6 29 0 0
5 29 7 4.24264
5 28 0 0
5 27 0 0
5 26 0 0
5 25 0 0
5 24 0 0
5 23 0 0
5 22 0 0
0 0
1 0.894427
2 1.78885
3 2.68328
4 3.57771
5 3.1305
6 2.68328
7 2.23607
8 1.78885
9 1.34164
10 0.894427
11 0.447214
12 0
9 29 0 0
8 29 0 0
7 29 0 0
6 29 0 0
5 29 8 4.24264
5 28 0 0
5 27 0 0
5 26 0 0
5 25 0 0
5 24 0 0
5 23 0 0
5 22 0 0
5 21 0 0
0 0
1 0.948683
2 1.89737
3 2.84605
4 2.52982
5 2.21359
6 1.89737
7 1.58114
8 1.26491
9 0.948683
10 0.632456
11 0.316228
12 0
8 29 0 0
7 29 0 0
6 29 0 0
5 29 9 4.24264
5 28 0 0
5 27 0 0
5 26 0 0
5 25 0 0
5 24 0 0
5 23 0 0
5 22 0 0
5 21 0 0
5 20 0 0
0 0
1 0.980581
2 1.96116
3 1.76505
4 1.56893
5 1.37281
6 1.1767
7 0.980581
8 0.784465
9 0.588348
10 0.392232
11 0.196116
12 0
7 29 0 0
6 29 0 0
5 29 10 4.24264
5 28 0 0
5 27 0 0
5 26 0 0
5 25 0 0
5 24 0 0
5 23 0 0
5 22 0 0
5 21 0 0
5 20 0 0
5 19 0 0
0 0
1 0.995893
2 0.905357
3 0.814822
4 0.724286
5 0.63375
6 0.543214
7 0.452679
8 0.362143
9 0.271607
10 0.181071
11 0.0905357
12 0
6 29 0 0
5 29 11 4.24264
5 28 0 0
5 27 0 0
5 26 0 0
5 25 0 0
5 24 0 0
5 23 0 0
5 22 0 0
5 21 0 0
5 20 0 0
5 19 0 0
5 18 0 0
0 0
1 0
2 0
3 0
4 0
5 0
6 0
7 0
8 0
9 0
10 0
11 0
12 0
5 29 11 4.24264
5 28 0 0
5 27 0 0
5 26 0 0
5 25 0 0
5 24 0 0
5 23 0 0
5 22 0 0
5 21 0 0
5 20 0 0
5 19 0 0
5 18 0 0
5 17 1 0
0 0
1 0
2 0
3 0
4 0
5 0
6 0
7 0
8 0
9 0
10 0
11 0
12 0
5 28 0 0
5 27 0 0
5 26 0 0
5 25 0 0
5 24 0 0
5 23 0 0
5 22 0 0
5 21 0 0
5 20 0 0
5 19 0 0
5 18 0 0
5 17 1 0
5 16 1 0
0 0
1 0
2 0
3 0
4 0
5 0
6 0
7 0
8 0
9 0
10 0
11 0
12 0
5 27 0 0
5 26 0 0
5 25 0 0
5 24 0 0
5 23 0 0
5 22 0 0
5 21 0 0
5 20 0 0
5 19 0 0
5 18 0 0
5 17 1 0
5 16 1 0
5 15 1 0
0 0
1 0
2 0
3 0
4 0
5 0
6 0
7 0
8 0
9 0
10 0
11 0
12 0
5 26 0 0
5 25 0 0
5 24 0 0
5 23 0 0
5 22 0 0
5 21 0 0
5 20 0 0
5 19 0 0
5 18 0 0
5 17 1 0
5 16 1 0
5 15 1 0
5 14 1 0
0 0
1 0
2 0
3 0
4 0
5 0
6 0
7 0
8 0
9 0
10 0
11 0
12 0
5 25 0 0
5 24 0 0
5 23 0 0
5 22 0 0
5 21 0 0
5 20 0 0
5 19 0 0
5 18 0 0
5 17 1 0
5 16 1 0
5 15 1 0
5 14 1 0
5 13 1 0
0 0
1 0
2 0
3 0
4 0
5 0
6 0
7 0
8 0
9 0
10 0
11 0
12 0
5 24 0 0
5 23 0 0
5 22 0 0
5 21 0 0
5 20 0 0
5 19 0 0
5 18 0 0
5 17 1 0
5 16 1 0
5 15 1 0
5 14 1 0
5 13 1 0
5 12 1 0
0 0
1 0
2 0
3 0
4 0
5 0
6 0
7 0
8 0
9 0
10 0
11 0
12 0
5 23 0 0
5 22 0 0
5 21 0 0
5 20 0 0
5 19 0 0
5 18 0 0
5 17 1 0
5 16 1 0
5 15 1 0
5 14 1 0
5 13 1 0
5 12 1 0
5 11 1 0
0 0
1 0
2 0
3 0
4 0
5 0
6 0
7 0
8 0
9 0
10 0
11 0
12 0
5 22 0 0
5 21 0 0
5 20 0 0
5 19 0 0
5 18 0 0
5 17 1 0
5 16 1 0
5 15 1 0
5 14 1 0
5 13 1 0
5 12 1 0
5 11 1 0
5 10 1 0
0 0
1 0
2 0
3 0
4 0
5 0
6 0
7 0
8 0
9 0
10 0
11 0
12 0
5 21 0 0
5 20 0 0
5 19 0 0
5 18 0 0
5 17 1 0
5 16 1 0
5 15 1 0
5 14 1 0
5 13 1 0
5 12 1 0
5 11 1 0
5 10 1 0
5 9 1 0
0 0
1 0
2 0
3 0
4 0
5 0
6 0
7 0
8 0
9 0
10 0
11 0
12 0
5 20 0 0
5 19 0 0
5 18 0 0
5 17 1 0
5 16 1 0
5 15 1 0
5 14 1 0
5 13 1 0
5 12 1 0
5 11 1 0
5 10 1 0
5 9 1 0
5 8 1 0
0 0
1 0
2 0
3 0
4 0
5 0
6 0
7 0
8 0
9 0
10 0
11 0
12 0
5 19 0 0
5 18 0 0
5 17 1 0
5 16 1 0
5 15 1 0
5 14 1 0
5 13 1 0
5 12 1 0
5 11 1 0
5 10 1 0
5 9 1 0
5 8 1 0
5 7 1 0
0 0
1 0
2 0
3 0
4 0
5 0
6 0
7 0
8 0
9 0
10 0
11 0
12 0
5 18 0 0
5 17 1 0
5 16 1 0
5 15 1 0
5 14 1 0
5 13 1 0
5 12 1 0
5 11 1 0
5 10 1 0
5 9 1 0
5 8 1 0
5 7 1 0
5 6 1 0
0 0
1 0
2 0
3 0
4 0
5 0
6 0
7 0
8 0
9 0
10 0
11 0
12 0
0 0
1 0.0905357
2 0.181071
3 0.271607
4 0.362143
5 0.452679
6 0.543214
7 0.63375
8 0.724286
9 0.814822
10 0.905357
11 0.995893
12 0
0 0
1 0.196116
2 0.392232
3 0.588348
4 0.784465
5 0.980581
6 1.1767
7 1.37281
8 1.56893
9 1.76505
10 1.96116
11 0.980581
12 0
0 0
1 0.316228
2 0.632456
3 0.948683
4 1.26491
5 1.58114
6 1.89737
7 2.21359
8 2.52982
9 2.84605
10 1.89737
11 0.948683
12 0
0 0
1 0.447214
2 0.894427
3 1.34164
4 1.78885
5 2.23607
6 2.68328
7 3.1305
8 3.57771
9 2.68328
10 1.78885
11 0.894427
12 0
0 0
1 0.581238
2 1.16248
3 1.74371
4 2.32495
5 2.90619
6 3.48743
7 4.06867
8 3.25493
9 2.4412
10 1.62747
11 0.813733
12 0
(5, 5, 6, 4.06867) (6, 5, 0, 0) (7, 5, 0, 0) (8, 5, 0, 0) (9, 5, 0, 0) 
(10, 5, 0, 0) (11, 5, 0, 0) (12, 5, 0, 0) (13, 5, 0, 0) (14, 5, 0, 0) 
(15, 5, 5, 2.69231) (16, 6, 0, 0) (17, 7, 0, 0) (18, 8, 0, 0) (19, 9, 0, 0) 
(20, 10, 9, 5) (21, 9, 0, 0) (22, 8, 0, 0) (23, 7, 0, 0) (24, 6, 0, 0) 
(25, 5, 5, 2.69231) (26, 5, 0, 0) (27, 5, 0, 0) (28, 5, 0, 0) (29, 5, 0, 0) 
(30, 5, 0, 0) (31, 5, 0, 0) (32, 5, 0, 0) (33, 5, 0, 0) (34, 5, 0, 0) 
(35, 5, 11, 4.24264) (35, 6, 0, 0) (35, 7, 0, 0) (35, 8, 0, 0) (35, 9, 0, 0) 
(35, 10, 0, 0) (35, 11, 0, 0) (35, 12, 0, 0) (35, 13, 0, 0) (35, 14, 0, 0) 
(35, 15, 0, 0) (35, 16, 0, 0) (35, 17, 1, 0) (35, 18, 1, 0) (35, 19, 1, 0) 
(35, 20, 1, 0) (35, 21, 1, 0) (35, 22, 1, 0) (35, 23, 1, 0) (35, 24, 1, 0) 
(35, 25, 1, 0) (35, 26, 1, 0) (35, 27, 1, 0) (35, 28, 1, 0) (35, 29, 12, 4.24264) 
(34, 29, 0, 0) (33, 29, 0, 0) (32, 29, 0, 0) (31, 29, 0, 0) (30, 29, 0, 0) 
(29, 29, 0, 0) (28, 29, 0, 0) (27, 29, 0, 0) (26, 29, 0, 0) (25, 29, 5, 2.69231) 
(24, 30, 0, 0) (23, 31, 0, 0) (22, 32, 0, 0) (21, 33, 0, 0) (20, 34, 9, 5) 
(19, 33, 0, 0) (18, 32, 0, 0) (17, 31, 0, 0) (16, 30, 0, 0) (15, 29, 5, 2.69231) 
(14, 29, 0, 0) (13, 29, 0, 0) (12, 29, 0, 0) (11, 29, 0, 0) (10, 29, 0, 0) 
(9, 29, 0, 0) (8, 29, 0, 0) (7, 29, 0, 0) (6, 29, 0, 0) (5, 29, 11, 4.24264) 
(5, 28, 0, 0) (5, 27, 0, 0) (5, 26, 0, 0) (5, 25, 0, 0) (5, 24, 0, 0) 
(5, 23, 0, 0) (5, 22, 0, 0) (5, 21, 0, 0) (5, 20, 0, 0) (5, 19, 0, 0) 
(5, 18, 0, 0) (5, 17, 1, 0) (5, 16, 1, 0) (5, 15, 1, 0) (5, 14, 1, 0) 
(5, 13, 1, 0) (5, 12, 1, 0) (5, 11, 1, 0) (5, 10, 1, 0) (5, 9, 1, 0) 
(5, 8, 1, 0) (5, 7, 1, 0) (5, 6, 1, 0) 