0 0
1 0
2 0
3 0
4 0
5 0
6 0
7 0
8 0
5 5 0 0
6 5 0 0
7 5 0 0
8 5 0 0
9 5 0 0
10 5 0 0
11 5 0 0
12 5 0 0
13 5 1 0
0 0
1 0
2 0
3 0
4 0
5 0
6 0
7 0
8 0
6 5 0 0
7 5 0 0
8 5 0 0
9 5 0 0
10 5 0 0
11 5 0 0
12 5 0 0
13 5 1 0
14 5 1 0
0 0
1 0
2 0
3 0
4 0
5 0
6 0
7 0
8 0
7 5 0 0
8 5 0 0
9 5 0 0
10 5 0 0
11 5 0 0
12 5 0 0
13 5 1 0
14 5 1 0
15 5 1 0
0 0
1 0.124035
2 0.248069
3 0.372104
4 0.496139
5 0.620174
6 0.744208
7 0.868243
8 0
8 5 0 0
9 5 0 0
10 5 0 0
11 5 0 0
12 5 0 0
13 5 1 0
14 5 1 0
15 5 2 0.868243
16 6 0 0
0 0
1 0.242536
2 0.485071
3 0.727607
4 0.970143
5 1.21268
6 1.45521
7 0.727607
8 0
9 5 0 0
10 5 0 0
11 5 0 0
12 5 0 0
13 5 1 0
14 5 1 0
15 5 3 1.45521
16 6 0 0
17 7 0 0
0 0
1 0.351123
2 0.702247
3 1.05337
4 1.40449
5 1.75562
6 1.17041
7 0.585206
8 0
10 5 0 0
11 5 0 0
12 5 0 0
13 5 1 0
14 5 1 0
15 5 4 1.75562
16 6 0 0
17 7 0 0
18 8 0 0
0 0
1 0.447214
2 0.894427
3 1.34164
4 1.78885
5 1.34164
6 0.894427
7 0.447214
8 0
11 5 0 0
12 5 0 0
13 5 1 0
14 5 1 0
15 5 5 1.78885
16 6 0 0
17 7 0 0
18 8 0 0
19 9 0 0
0 0
1 0.529999
2 1.06
3 1.59
4 1.272
5 0.953998
6 0.635999
7 0.317999
8 0
12 5 0 0
13 5 1 0
14 5 1 0
15 5 6 1.78885
16 6 0 0
17 7 0 0
18 8 0 0
19 9 0 0
20 10 0 0
0 0
1 0.447214
2 0.894427
3 0.447214
4 0
5 0.447214
6 0.894427
7 1.34164
8 0
13 5 1 0
14 5 1 0
15 5 6 1.78885
16 6 0 0
17 7 0 0
18 8 0 0
19 9 0 0
20 10 1 1.34164
21 9 0 0
0 0
1 0.351123
2 0.234082
3 0.819288
4 1.40449
5 1.9897
6 2.57491
7 1.28745
8 0
14 5 1 0
15 5 6 1.78885
16 6 0 0
17 7 0 0
18 8 0 0
19 9 0 0
20 10 2 2.57491
21 9 0 0
22 8 0 0
0 0
1 0.727607
2 1.45521
3 2.18282
4 2.91043
5 3.63803
6 2.42536
7 1.21268
8 0
15 5 6 1.78885
16 6 0 0
17 7 0 0
18 8 0 0
19 9 0 0
20 10 3 3.63803
21 9 0 0
22 8 0 0
23 7 0 0
0 0
1 1
2 2
3 3
4 4
5 3
6 2
7 1
8 0
16 6 0 0
17 7 0 0
18 8 0 0
19 9 0 0
20 10 4 4
21 9 0 0
22 8 0 0
23 7 0 0
24 6 0 0
0 0
1 1.21268
2 2.42536
3 3.63803
4 2.91043
5 2.18282
6 1.45521
7 0.727607
8 0
17 7 0 0
18 8 0 0
19 9 0 0
20 10 5 4
21 9 0 0
22 8 0 0
23 7 0 0
24 6 0 0
25 5 0 0
0 0
1 1.28745
2 2.57491
3 1.9897
4 1.40449
5 0.819288
6 0.234082
7 0.351123
8 0
18 8 0 0
19 9 0 0
20 10 6 4
21 9 0 0
22 8 0 0
23 7 0 0
24 6 0 0
25 5 0 0
26 5 0 0
0 0
1 1.34164
2 0.894427
3 0.447214
4 0
5 0.447214
6 0.894427
7 0.447214
8 0
19 9 0 0
20 10 7 4
21 9 0 0
22 8 0 0
23 7 0 0
24 6 0 0
25 5 0 0
26 5 0 0
27 5 0 0
0 0
1 0.317999
2 0.635999
3 0.953998
4 1.272
5 1.59
6 1.06
7 0.529999
8 0
20 10 7 4
21 9 0 0
22 8 0 0
23 7 0 0
24 6 0 0
25 5 1 1.59
26 5 0 0
27 5 0 0
28 5 0 0
0 0
1 0.447214
2 0.894427
3 1.34164
4 1.78885
5 1.34164
6 0.894427
7 0.447214
8 0
21 9 0 0
22 8 0 0
23 7 0 0
24 6 0 0
25 5 2 1.78885
26 5 0 0
27 5 0 0
28 5 0 0
29 5 0 0
0 0
1 0.585206
2 1.17041
3 1.75562
4 1.40449
5 1.05337
6 0.702247
7 0.351123
8 0
22 8 0 0
23 7 0 0
24 6 0 0
25 5 3 1.78885
26 5 0 0
27 5 0 0
28 5 0 0
29 5 0 0
30 5 0 0
0 0
1 0.727607
2 1.45521
3 1.21268
4 0.970143
5 0.727607
6 0.485071
7 0.242536
8 0
23 7 0 0
24 6 0 0
25 5 4 1.78885
26 5 0 0
27 5 0 0
28 5 0 0
29 5 0 0
30 5 0 0
31 5 0 0
0 0
1 0.868243
2 0.744208
3 0.620174
4 0.496139
5 0.372104
6 0.248069
7 0.124035
8 0
24 6 0 0
25 5 5 1.78885
26 5 0 0
27 5 0 0
28 5 0 0
29 5 0 0
30 5 0 0
31 5 0 0
32 5 0 0
0 0
1 0
2 0
3 0
4 0
5 0
6 0
7 0
8 0
25 5 5 1.78885
26 5 0 0
27 5 0 0
28 5 0 0
29 5 0 0
30 5 0 0
31 5 0 0
32 5 0 0
33 5 1 0
0 0
1 0
2 0
3 0
4 0
5 0
6 0
7 0
8 0
26 5 0 0
27 5 0 0
28 5 0 0
29 5 0 0
30 5 0 0
31 5 0 0
32 5 0 0
33 5 1 0
34 5 1 0
0 0
1 0
2 0
3 0
4 0
5 0
6 0
7 0
8 0
27 5 0 0
28 5 0 0
29 5 0 0
30 5 0 0
31 5 0 0
32 5 0 0
33 5 1 0
34 5 1 0
35 5 1 0
0 0
1 0.141421
2 0.282843
3 0.424264
4 0.565685
5 0.707107
6 0.848528
7 0.989949
8 0
28 5 0 0
29 5 0 0
30 5 0 0
31 5 0 0
32 5 0 0
33 5 1 0
34 5 1 0
35 5 2 0.989949
35 6 0 0
0 0
1 0.316228
2 0.632456
3 0.948683
4 1.26491
5 1.58114
6 1.89737
7 0.948683
8 0
29 5 0 0
30 5 0 0
31 5 0 0
32 5 0 0
33 5 1 0
34 5 1 0
35 5 3 1.89737
35 6 0 0
35 7 0 0
0 0
1 0.514496
2 1.02899
3 1.54349
4 2.05798
5 2.57248
6 1.71499
7 0.857493
8 0
30 5 0 0
31 5 0 0
32 5 0 0
33 5 1 0
34 5 1 0
35 5 4 2.57248
35 6 0 0
35 7 0 0
35 8 0 0
0 0
1 0.707107
2 1.41421
3 2.12132
4 2.82843
5 2.12132
6 1.41421
7 0.707107
8 0
31 5 0 0
32 5 0 0
33 5 1 0
34 5 1 0
35 5 5 2.82843
35 6 0 0
35 7 0 0
35 8 0 0
35 9 0 0
0 0
1 0.857493
2 1.71499
3 2.57248
4 2.05798
5 1.54349
6 1.02899
7 0.514496
8 0
32 5 0 0
33 5 1 0
34 5 1 0
35 5 6 2.82843
35 6 0 0
35 7 0 0
35 8 0 0
35 9 0 0
35 10 0 0
0 0
1 0.948683
2 1.89737
3 1.58114
4 1.26491
5 0.948683
6 0.632456
7 0.316228
8 0
33 5 1 0
34 5 1 0
35 5 7 2.82843
35 6 0 0
35 7 0 0
35 8 0 0
35 9 0 0
35 10 0 0
35 11 0 0
0 0
1 0.989949
2 0.848528
3 0.707107
4 0.565685
5 0.424264
6 0.282843
7 0.141421
8 0
34 5 1 0
35 5 8 2.82843
35 6 0 0
35 7 0 0
35 8 0 0
35 9 0 0
35 10 0 0
35 11 0 0
35 12 0 0
0 0
1 0
2 0
3 0
4 0
5 0
6 0
7 0
8 0
35 5 8 2.82843
35 6 0 0
35 7 0 0
35 8 0 0
35 9 0 0
35 10 0 0
35 11 0 0
35 12 0 0
35 13 1 0
0 0
1 0
2 0
3 0
4 0
5 0
6 0
7 0
8 0
35 6 0 0
35 7 0 0
35 8 0 0
35 9 0 0
35 10 0 0
35 11 0 0
35 12 0 0
35 13 1 0
35 14 1 0
0 0
1 0
2 0
3 0
4 0
5 0
6 0
7 0
8 0
35 7 0 0
35 8 0 0
35 9 0 0
35 10 0 0
35 11 0 0
35 12 0 0
35 13 1 0
35 14 1 0
35 15 1 0
0 0
1 0
2 0
3 0
4 0
5 0
6 0
7 0
8 0
35 8 0 0
35 9 0 0
35 10 0 0
35 11 0 0
35 12 0 0
35 13 1 0
35 14 1 0
35 15 1 0
35 16 1 0
0 0
1 0
2 0
3 0
4 0
5 0
6 0
7 0
8 0
35 9 0 0
35 10 0 0
35 11 0 0
35 12 0 0
35 13 1 0
35 14 1 0
35 15 1 0
35 16 1 0
35 17 1 0
0 0
1 0
2 0
3 0
4 0
5 0
6 0
7 0
8 0
35 10 0 0
35 11 0 0
35 12 0 0
35 13 1 0
35 14 1 0
35 15 1 0
35 16 1 0
35 17 1 0
35 18 1 0
0 0
1 0
2 0
3 0
4 0
5 0
6 0
7 0
8 0
35 11 0 0
35 12 0 0
35 13 1 0
35 14 1 0
35 15 1 0
35 16 1 0
35 17 1 0
35 18 1 0
35 19 1 0
0 0
1 0
2 0
3 0
4 0
5 0
6 0
7 0
8 0
35 12 0 0
35 13 1 0
35 14 1 0
35 15 1 0
35 16 1 0
35 17 1 0
35 18 1 0
35 19 1 0
35 20 1 0
0 0
1 0
2 0
3 0
4 0
5 0
6 0
7 0
8 0
35 13 1 0
35 14 1 0
35 15 1 0
35 16 1 0
35 17 1 0
35 18 1 0
35 19 1 0
35 20 1 0
35 21 1 0
0 0
1 0
2 0
3 0
4 0
5 0
6 0
7 0
8 0
35 14 1 0
35 15 1 0
35 16 1 0
35 17 1 0
35 18 1 0
35 19 1 0
35 20 1 0
35 21 1 0
35 22 1 0
0 0
1 0
2 0
3 0
4 0
5 0
6 0
7 0
8 0
35 15 1 0
35 16 1 0
35 17 1 0
35 18 1 0
35 19 1 0
35 20 1 0
35 21 1 0
35 22 1 0
35 23 1 0
0 0
1 0
2 0
3 0
4 0
5 0
6 0
7 0
8 0
35 16 1 0
35 17 1 0
35 18 1 0
35 19 1 0
35 20 1 0
35 21 1 0
35 22 1 0
35 23 1 0
35 24 1 0
0 0
1 0
2 0
3 0
4 0
5 0
6 0
7 0
8 0
35 17 1 0
35 18 1 0
35 19 1 0
35 20 1 0
35 21 1 0
35 22 1 0
35 23 1 0
35 24 1 0
35 25 1 0
0 0
1 0
2 0
3 0
4 0
5 0
6 0
7 0
8 0
35 18 1 0
35 19 1 0
35 20 1 0
35 21 1 0
35 22 1 0
35 23 1 0
35 24 1 0
35 25 1 0
35 26 1 0
0 0
1 0
2 0
3 0
4 0
5 0
6 0
7 0
8 0
35 19 1 0
35 20 1 0
35 21 1 0
35 22 1 0
35 23 1 0
35 24 1 0
35 25 1 0
35 26 1 0
35 27 1 0
0 0
1 0
2 0
3 0
4 0
5 0
6 0
7 0
8 0
35 20 1 0
35 21 1 0
35 22 1 0
35 23 1 0
35 24 1 0
35 25 1 0
35 26 1 0
35 27 1 0
35 28 1 0
0 0
1 0
2 0
3 0
4 0
5 0
6 0
7 0
8 0
35 21 1 0
35 22 1 0
35 23 1 0
35 24 1 0
35 25 1 0
35 26 1 0
35 27 1 0
35 28 1 0
35 29 1 0
0 0
1 0.141421
2 0.282843
3 0.424264
4 0.565685
5 0.707107
6 0.848528
7 0.989949
8 0
35 22 1 0
35 23 1 0
35 24 1 0
35 25 1 0
35 26 1 0
35 27 1 0
35 28 1 0
35 29 2 0.989949
34 29 0 0
0 0
1 0.316228
2 0.632456
3 0.948683
4 1.26491
5 1.58114
6 1.89737
7 0.948683
8 0
35 23 1 0
35 24 1 0
35 25 1 0
35 26 1 0
35 27 1 0
35 28 1 0
35 29 3 1.89737
34 29 0 0
33 29 0 0
0 0
1 0.514496
2 1.02899
3 1.54349
4 2.05798
5 2.57248
6 1.71499
7 0.857493
8 0
35 24 1 0
35 25 1 0
35 26 1 0
35 27 1 0
35 28 1 0
35 29 4 2.57248
34 29 0 0
33 29 0 0
32 29 0 0
0 0
1 0.707107
2 1.41421
3 2.12132
4 2.82843
5 2.12132
6 1.41421
7 0.707107
8 0
35 25 1 0
35 26 1 0
35 27 1 0
35 28 1 0
35 29 5 2.82843
34 29 0 0
33 29 0 0
32 29 0 0
31 29 0 0
0 0
1 0.857493
2 1.71499
3 2.57248
4 2.05798
5 1.54349
6 1.02899
7 0.514496
8 0
35 26 1 0
35 27 1 0
35 28 1 0
35 29 6 2.82843
34 29 0 0
33 29 0 0
32 29 0 0
31 29 0 0
30 29 0 0
0 0
1 0.948683
2 1.89737
3 1.58114
4 1.26491
5 0.948683
6 0.632456
7 0.316228
8 0
35 27 1 0
35 28 1 0
35 29 7 2.82843
34 29 0 0
33 29 0 0
32 29 0 0
31 29 0 0
30 29 0 0
29 29 0 0
0 0
1 0.989949
2 0.848528
3 0.707107
4 0.565685
5 0.424264
6 0.282843
7 0.141421
8 0
35 28 1 0
35 29 8 2.82843
34 29 0 0
33 29 0 0
32 29 0 0
31 29 0 0
30 29 0 0
29 29 0 0
28 29 0 0
0 0
1 0
2 0
3 0
4 0
5 0
6 0
7 0
8 0
35 29 8 2.82843
34 29 0 0
33 29 0 0
32 29 0 0
31 29 0 0
30 29 0 0
29 29 0 0
28 29 0 0
27 29 1 0
0 0
1 0
2 0
3 0
4 0
5 0
6 0
7 0
8 0
34 29 0 0
33 29 0 0
32 29 0 0
31 29 0 0
30 29 0 0
29 29 0 0
28 29 0 0
27 29 1 0
26 29 1 0
0 0
1 0
2 0
3 0
4 0
5 0
6 0
7 0
8 0
33 29 0 0
32 29 0 0
31 29 0 0
30 29 0 0
29 29 0 0
28 29 0 0
27 29 1 0
26 29 1 0
25 29 1 0
0 0
1 0.124035
2 0.248069
3 0.372104
4 0.496139
5 0.620174
6 0.744208
7 0.868243
8 0
32 29 0 0
31 29 0 0
30 29 0 0
29 29 0 0
28 29 0 0
27 29 1 0
26 29 1 0
25 29 2 0.868243
24 30 0 0
0 0
1 0.242536
2 0.485071
3 0.727607
4 0.970143
5 1.21268
6 1.45521
7 0.727607
8 0
31 29 0 0
30 29 0 0
29 29 0 0
28 29 0 0
27 29 1 0
26 29 1 0
25 29 3 1.45521
24 30 0 0
23 31 0 0
0 0
1 0.351123
2 0.702247
3 1.05337
4 1.40449
5 1.75562
6 1.17041
7 0.585206
8 0
30 29 0 0
29 29 0 0
28 29 0 0
27 29 1 0
26 29 1 0
25 29 4 1.75562
24 30 0 0
23 31 0 0
22 32 0 0
0 0
1 0.447214
2 0.894427
3 1.34164
4 1.78885
5 1.34164
6 0.894427
7 0.447214
8 0
29 29 0 0
28 29 0 0
27 29 1 0
26 29 1 0
25 29 5 1.78885
24 30 0 0
23 31 0 0
22 32 0 0
21 33 0 0
0 0
1 0.529999
2 1.06
3 1.59
4 1.272
5 0.953998
6 0.635999
7 0.317999
8 0
28 29 0 0
27 29 1 0
26 29 1 0
25 29 6 1.78885
24 30 0 0
23 31 0 0
22 32 0 0
21 33 0 0
20 34 0 0
0 0
1 0.447214
2 0.894427
3 0.447214
4 0
5 0.447214
6 0.894427
7 1.34164
8 0
27 29 1 0
26 29 1 0
25 29 6 1.78885
24 30 0 0
23 31 0 0
22 32 0 0
21 33 0 0
20 34 1 1.34164
19 33 0 0
0 0
1 0.351123
2 0.234082
3 0.819288
4 1.40449
5 1.9897
6 2.57491
7 1.28745
8 0
26 29 1 0
25 29 6 1.78885
24 30 0 0
23 31 0 0
22 32 0 0
21 33 0 0
20 34 2 2.57491
19 33 0 0
18 32 0 0
0 0
1 0.727607
2 1.45521
3 2.18282
4 2.91043
5 3.63803
6 2.42536
7 1.21268
8 0
25 29 6 1.78885
24 30 0 0
23 31 0 0
22 32 0 0
21 33 0 0
20 34 3 3.63803
19 33 0 0
18 32 0 0
17 31 0 0
0 0
1 1
2 2
3 3
4 4
5 3
6 2
7 1
8 0
24 30 0 0
23 31 0 0
22 32 0 0
21 33 0 0
20 34 4 4
19 33 0 0
18 32 0 0
17 31 0 0
16 30 0 0
0 0
1 1.21268
2 2.42536
3 3.63803
4 2.91043
5 2.18282
6 1.45521
7 0.727607
8 0
23 31 0 0
22 32 0 0
21 33 0 0
20 34 5 4
19 33 0 0
18 32 0 0
17 31 0 0
16 30 0 0
15 29 0 0
0 0
1 1.28745
2 2.57491
3 1.9897
4 1.40449
5 0.819288
6 0.234082
7 0.351123
8 0
22 32 0 0
21 33 0 0
20 34 6 4
19 33 0 0
18 32 0 0
17 31 0 0
16 30 0 0
15 29 0 0
14 29 0 0
0 0
1 1.34164
2 0.894427
3 0.447214
4 0
5 0.447214
6 0.894427
7 0.447214
8 0
21 33 0 0
20 34 7 4
19 33 0 0
18 32 0 0
17 31 0 0
16 30 0 0
15 29 0 0
14 29 0 0
13 29 0 0
0 0
1 0.317999
2 0.635999
3 0.953998
4 1.272
5 1.59
6 1.06
7 0.529999
8 0
20 34 7 4
19 33 0 0
18 32 0 0
17 31 0 0
16 30 0 0
15 29 1 1.59
14 29 0 0
13 29 0 0
12 29 0 0
0 0
1 0.447214
2 0.894427
3 1.34164
4 1.78885
5 1.34164
6 0.894427
7 0.447214
8 0
19 33 0 0
18 32 0 0
17 31 0 0
16 30 0 0
15 29 2 1.78885
14 29 0 0
13 29 0 0
12 29 0 0
11 29 0 0
0 0
1 0.585206
2 1.17041
3 1.75562
4 1.40449
5 1.05337
6 0.702247
7 0.351123
8 0
18 32 0 0
17 31 0 0
16 30 0 0
15 29 3 1.78885
14 29 0 0
13 29 0 0
12 29 0 0
11 29 0 0
10 29 0 0
0 0
1 0.727607
2 1.45521
3 1.21268
4 0.970143
5 0.727607
6 0.485071
7 0.242536
8 0
17 31 0 0
16 30 0 0
15 29 4 1.78885
14 29 0 0
13 29 0 0
12 29 0 0
11 29 0 0
10 29 0 0
9 29 0 0
0 0
1 0.868243
2 0.744208
3 0.620174
4 0.496139
5 0.372104
6 0.248069
7 0.124035
8 0
16 30 0 0
15 29 5 1.78885
14 29 0 0
13 29 0 0
12 29 0 0
11 29 0 0
10 29 0 0
9 29 0 0
8 29 0 0
0 0
1 0
2 0
3 0
4 0
5 0
6 0
7 0
8 0
15 29 5 1.78885
14 29 0 0
13 29 0 0
12 29 0 0
11 29 0 0
10 29 0 0
9 29 0 0
8 29 0 0
7 29 1 0
0 0
1 0
2 0
3 0
4 0
5 0
6 0
7 0
8 0
14 29 0 0
13 29 0 0
12 29 0 0
11 29 0 0
10 29 0 0
9 29 0 0
8 29 0 0
7 29 1 0
6 29 1 0
0 0
1 0
2 0
3 0
4 0
5 0
6 0
7 0
8 0
13 29 0 0
12 29 0 0
11 29 0 0
10 29 0 0
9 29 0 0
8 29 0 0
7 29 1 0
6 29 1 0
5 29 1 0
0 0
1 0.141421
2 0.282843
3 0.424264
4 0.565685
5 0.707107
6 0.848528
7 0.989949
8 0
12 29 0 0
11 29 0 0
10 29 0 0
9 29 0 0
8 29 0 0
7 29 1 0
6 29 1 0
5 29 2 0.989949
5 28 0 0
0 0
1 0.316228
2 0.632456
3 0.948683
4 1.26491
5 1.58114
6 1.89737
7 0.948683
8 0
11 29 0 0
10 29 0 0
9 29 0 0
8 29 0 0
7 29 1 0
6 29 1 0
5 29 3 1.89737
5 28 0 0
5 27 0 0
0 0
1 0.514496
2 1.02899
3 1.54349
4 2.05798
5 2.57248
6 1.71499
7 0.857493
8 0
10 29 0 0
9 29 0 0
8 29 0 0
7 29 1 0
6 29 1 0
5 29 4 2.57248
5 28 0 0
5 27 0 0
5 26 0 0
0 0
1 0.707107
2 1.41421
3 2.12132
4 2.82843
5 2.12132
6 1.41421
7 0.707107
8 0
9 29 0 0
8 29 0 0
7 29 1 0
6 29 1 0
5 29 5 2.82843
5 28 0 0
5 27 0 0
5 26 0 0
5 25 0 0
0 0
1 0.857493
2 1.71499
3 2.57248
4 2.05798
5 1.54349
6 1.02899
7 0.514496
8 0
8 29 0 0
7 29 1 0
6 29 1 0
5 29 6 2.82843
5 28 0 0
5 27 0 0
5 26 0 0
5 25 0 0
5 24 0 0
0 0
1 0.948683
2 1.89737
3 1.58114
4 1.26491
5 0.948683
6 0.632456
7 0.316228
8 0
7 29 1 0
6 29 1 0
5 29 7 2.82843
5 28 0 0
5 27 0 0
5 26 0 0
5 25 0 0
5 24 0 0
5 23 0 0
0 0
1 0.989949
2 0.848528
3 0.707107
4 0.565685
5 0.424264
6 0.282843
7 0.141421
8 0
6 29 1 0
5 29 8 2.82843
5 28 0 0
5 27 0 0
5 26 0 0
5 25 0 0
5 24 0 0
5 23 0 0
5 22 0 0
0 0
1 0
2 0
3 0
4 0
5 0
6 0
7 0
8 0
5 29 8 2.82843
5 28 0 0
5 27 0 0
5 26 0 0
5 25 0 0
5 24 0 0
5 23 0 0
5 22 0 0
5 21 1 0
0 0
1 0
2 0
3 0
4 0
5 0
6 0
7 0
8 0
5 28 0 0
5 27 0 0
5 26 0 0
5 25 0 0
5 24 0 0
5 23 0 0
5 22 0 0
5 21 1 0
5 20 1 0
0 0
1 0
2 0
3 0
4 0
5 0
6 0
7 0
8 0
5 27 0 0
5 26 0 0
5 25 0 0
5 24 0 0
5 23 0 0
5 22 0 0
5 21 1 0
5 20 1 0
5 19 1 0
0 0
1 0
2 0
3 0
4 0
5 0
6 0
7 0
8 0
5 26 0 0
5 25 0 0
5 24 0 0
5 23 0 0
5 22 0 0
5 21 1 0
5 20 1 0
5 19 1 0
5 18 1 0
0 0
1 0
2 0
3 0
4 0
5 0
6 0
7 0
8 0
5 25 0 0
5 24 0 0
5 23 0 0
5 22 0 0
5 21 1 0
5 20 1 0
5 19 1 0
5 18 1 0
5 17 1 0
0 0
1 0
2 0
3 0
4 0
5 0
6 0
7 0
8 0
5 24 0 0
5 23 0 0
5 22 0 0
5 21 1 0
5 20 1 0
5 19 1 0
5 18 1 0
5 17 1 0
5 16 1 0
0 0
1 0
2 0
3 0
4 0
5 0
6 0
7 0
8 0
5 23 0 0
5 22 0 0
5 21 1 0
5 20 1 0
5 19 1 0
5 18 1 0
5 17 1 0
5 16 1 0
5 15 1 0
0 0
1 0
2 0
3 0
4 0
5 0
6 0
7 0
8 0
5 22 0 0
5 21 1 0
5 20 1 0
5 19 1 0
5 18 1 0
5 17 1 0
5 16 1 0
5 15 1 0
5 14 1 0
0 0
1 0
2 0
3 0
4 0
5 0
6 0
7 0
8 0
5 21 1 0
5 20 1 0
5 19 1 0
5 18 1 0
5 17 1 0
5 16 1 0
5 15 1 0
5 14 1 0
5 13 1 0
0 0
1 0
2 0
3 0
4 0
5 0
6 0
7 0
8 0
5 20 1 0
5 19 1 0
5 18 1 0
5 17 1 0
5 16 1 0
5 15 1 0
5 14 1 0
5 13 1 0
5 12 1 0
0 0
1 0
2 0
3 0
4 0
5 0
6 0
7 0
8 0
5 19 1 0
5 18 1 0
5 17 1 0
5 16 1 0
5 15 1 0
5 14 1 0
5 13 1 0
5 12 1 0
5 11 1 0
0 0
1 0
2 0
3 0
4 0
5 0
6 0
7 0
8 0
5 18 1 0
5 17 1 0
5 16 1 0
5 15 1 0
5 14 1 0
5 13 1 0
5 12 1 0
5 11 1 0
5 10 1 0
0 0
1 0
2 0
3 0
4 0
5 0
6 0
7 0
8 0
5 17 1 0
5 16 1 0
5 15 1 0
5 14 1 0
5 13 1 0
5 12 1 0
5 11 1 0
5 10 1 0
5 9 1 0
0 0
1 0
2 0
3 0
4 0
5 0
6 0
7 0
8 0
5 16 1 0
5 15 1 0
5 14 1 0
5 13 1 0
5 12 1 0
5 11 1 0
5 10 1 0
5 9 1 0
5 8 1 0
0 0
1 0
2 0
3 0
4 0
5 0
6 0
7 0
8 0
5 15 1 0
5 14 1 0
5 13 1 0
5 12 1 0
5 11 1 0
5 10 1 0
5 9 1 0
5 8 1 0
5 7 1 0
0 0
1 0
2 0
3 0
4 0
5 0
6 0
7 0
8 0
5 14 1 0
5 13 1 0
5 12 1 0
5 11 1 0
5 10 1 0
5 9 1 0
5 8 1 0
5 7 1 0
5 6 1 0
0 0
1 0
2 0
3 0
4 0
5 0
6 0
7 0
8 0
0 0
1 0.141421
2 0.282843
3 0.424264
4 0.565685
5 0.707107
6 0.848528
7 0.989949
8 0
0 0
1 0.316228
2 0.632456
3 0.948683
4 1.26491
5 1.58114
6 1.89737
7 0.948683
8 0
0 0
1 0.514496
2 1.02899
3 1.54349
4 2.05798
5 2.57248
6 1.71499
7 0.857493
8 0
(5, 5, 4, 2.57248) (6, 5, 0, 0) (7, 5, 0, 0) (8, 5, 0, 0) (9, 5, 0, 0) 
(10, 5, 0, 0) (11, 5, 0, 0) (12, 5, 0, 0) (13, 5, 1, 0) (14, 5, 1, 0) 
(15, 5, 6, 1.78885) (16, 6, 0, 0) (17, 7, 0, 0) (18, 8, 0, 0) (19, 9, 0, 0) 
(20, 10, 7, 4) (21, 9, 0, 0) (22, 8, 0, 0) (23, 7, 0, 0) (24, 6, 0, 0) 
(25, 5, 5, 1.78885) (26, 5, 0, 0) (27, 5, 0, 0) (28, 5, 0, 0) (29, 5, 0, 0) 
(30, 5, 0, 0) (31, 5, 0, 0) (32, 5, 0, 0) (33, 5, 1, 0) (34, 5, 1, 0) 
(35, 5, 8, 2.82843) (35, 6, 0, 0) (35, 7, 0, 0) (35, 8, 0, 0) (35, 9, 0, 0) 
(35, 10, 0, 0) (35, 11, 0, 0) (35, 12, 0, 0) (35, 13, 1, 0) (35, 14, 1, 0) 
(35, 15, 1, 0) (35, 16, 1, 0) (35, 17, 1, 0) (35, 18, 1, 0) (35, 19, 1, 0) 
(35, 20, 1, 0) (35, 21, 1, 0) (35, 22, 1, 0) (35, 23, 1, 0) (35, 24, 1, 0) 
(35, 25, 1, 0) (35, 26, 1, 0) (35, 27, 1, 0) (35, 28, 1, 0) (35, 29, 8, 2.82843) 
(34, 29, 0, 0) (33, 29, 0, 0) (32, 29, 0, 0) (31, 29, 0, 0) (30, 29, 0, 0) 
(29, 29, 0, 0) (28, 29, 0, 0) (27, 29, 1, 0) (26, 29, 1, 0) (25, 29, 6, 1.78885) 
(24, 30, 0, 0) (23, 31, 0, 0) (22, 32, 0, 0) (21, 33, 0, 0) (20, 34, 7, 4) 
(19, 33, 0, 0) (18, 32, 0, 0) (17, 31, 0, 0) (16, 30, 0, 0) (15, 29, 5, 1.78885) 
(14, 29, 0, 0) (13, 29, 0, 0) (12, 29, 0, 0) (11, 29, 0, 0) (10, 29, 0, 0) 
(9, 29, 0, 0) (8, 29, 0, 0) (7, 29, 1, 0) (6, 29, 1, 0) (5, 29, 8, 2.82843) 
(5, 28, 0, 0) (5, 27, 0, 0) (5, 26, 0, 0) (5, 25, 0, 0) (5, 24, 0, 0) 
(5, 23, 0, 0) (5, 22, 0, 0) (5, 21, 1, 0) (5, 20, 1, 0) (5, 19, 1, 0) 
(5, 18, 1, 0) (5, 17, 1, 0) (5, 16, 1, 0) (5, 15, 1, 0) (5, 14, 1, 0) 
(5, 13, 1, 0) (5, 12, 1, 0) (5, 11, 1, 0) (5, 10, 1, 0) (5, 9, 1, 0) 
(5, 8, 1, 0) (5, 7, 1, 0) (5, 6, 1, 0) 