0 0
1 0.538462
2 1.07692
3 1.61538
4 2.15385
5 2.69231
6 2.30769
7 1.92308
8 1.53846
9 1.15385
10 0.769231
11 0.384615
12 0
6 20 0 0
7 19 0 0
8 18 0 0
9 17 0 0
10 16 0 0
11 15 1 2.69231
11 14 0 0
11 13 0 0
11 12 0 0
11 11 0 0
11 10 0 0
11 9 0 0
11 8 0 0
0 0
1 0.632456
2 1.26491
3 1.89737
4 2.52982
5 2.21359
6 1.89737
7 1.58114
8 1.26491
9 0.948683
10 0.632456
11 0.316228
12 0
7 19 0 0
8 18 0 0
9 17 0 0
10 16 0 0
11 15 2 2.69231
11 14 0 0
11 13 0 0
11 12 0 0
11 11 0 0
11 10 0 0
11 9 0 0
11 8 0 0
11 7 0 0
0 0
1 0.727607
2 1.45521
3 2.18282
4 1.94029
5 1.69775
6 1.45521
7 1.21268
8 0.970143
9 0.727607
10 0.485071
11 0.242536
12 0
8 18 0 0
9 17 0 0
10 16 0 0
11 15 3 2.69231
11 14 0 0
11 13 0 0
11 12 0 0
11 11 0 0
11 10 0 0
11 9 0 0
11 8 0 0
11 7 0 0
11 6 0 0
0 0
1 0.701646
2 1.40329
3 1.14018
4 0.877058
5 0.613941
6 0.350823
7 0.0877058
8 0.175412
9 0.438529
10 0.701646
11 0.964764
12 0
9 17 0 0
10 16 0 0
11 15 4 2.69231
11 14 0 0
11 13 0 0
11 12 0 0
11 11 0 0
11 10 0 0
11 9 0 0
11 8 0 0
11 7 0 0
11 6 0 0
12 6 0 0
0 0
1 0.670478
2 0.383131
3 0.0957826
4 0.191565
5 0.478913
6 0.766261
7 1.05361
8 1.34096
9 1.6283
10 1.91565
11 0.957826
12 0
10 16 0 0
11 15 4 2.69231
11 14 0 0
11 13 0 0
11 12 0 0
11 11 0 0
11 10 0 0
11 9 0 0
11 8 0 0
11 7 0 0
11 6 1 1.91565
12 6 0 0
13 6 0 0
0 0
1 0.316228
2 0.632456
3 0.948683
4 1.26491
5 1.58114
6 1.89737
7 2.21359
8 2.52982
9 2.84605
10 1.89737
11 0.948683
12 0
11 15 4 2.69231
11 14 0 0
11 13 0 0
11 12 0 0
11 11 0 0
11 10 0 0
11 9 0 0
11 8 0 0
11 7 0 0
11 6 2 2.84605
12 6 0 0
13 6 0 0
14 6 0 0
0 0
1 0.447214
2 0.894427
3 1.34164
4 1.78885
5 2.23607
6 2.68328
7 3.1305
8 3.57771
9 2.68328
10 1.78885
11 0.894427
12 0
11 14 0 0
11 13 0 0
11 12 0 0
11 11 0 0
11 10 0 0
11 9 0 0
11 8 0 0
11 7 0 0
11 6 3 3.57771
12 6 0 0
13 6 0 0
14 6 0 0
15 6 0 0
0 0
1 0.581238
2 1.16248
3 1.74371
4 2.32495
5 2.90619
6 3.48743
7 4.06867
8 3.25493
9 2.4412
10 1.62747
11 0.813733
12 0
11 13 0 0
11 12 0 0
11 11 0 0
11 10 0 0
11 9 0 0
11 8 0 0
11 7 0 0
11 6 4 4.06867
12 6 0 0
13 6 0 0
14 6 0 0
15 6 0 0
16 6 0 0
0 0
1 0.707107
2 1.41421
3 2.12132
4 2.82843
5 3.53553
6 4.24264
7 3.53553
8 2.82843
9 2.12132
10 1.41421
11 0.707107
12 0
11 12 0 0
11 11 0 0
11 10 0 0
11 9 0 0
11 8 0 0
11 7 0 0
11 6 5 4.24264
12 6 0 0
13 6 0 0
14 6 0 0
15 6 0 0
16 6 0 0
17 6 0 0
0 0
1 0.813733
2 1.62747
3 2.4412
4 3.25493
5 4.06867
6 3.48743
7 2.90619
8 2.32495
9 1.74371
10 1.16248
11 0.581238
12 0
11 11 0 0
11 10 0 0
11 9 0 0
11 8 0 0
11 7 0 0
11 6 6 4.24264
12 6 0 0
13 6 0 0
14 6 0 0
15 6 0 0
16 6 0 0
17 6 0 0
18 6 0 0
0 0
1 0.894427
2 1.78885
3 2.68328
4 3.57771
5 3.1305
6 2.68328
7 2.23607
8 1.78885
9 1.34164
10 0.894427
11 0.447214
12 0
11 10 0 0
11 9 0 0
11 8 0 0
11 7 0 0
11 6 7 4.24264
12 6 0 0
13 6 0 0
14 6 0 0
15 6 0 0
16 6 0 0
17 6 0 0
18 6 0 0
19 6 0 0
0 0
1 0.948683
2 1.89737
3 2.84605
4 2.52982
5 2.21359
6 1.89737
7 1.58114
8 1.26491
9 0.948683
10 0.632456
11 0.316228
12 0
11 9 0 0
11 8 0 0
11 7 0 0
11 6 8 4.24264
12 6 0 0
13 6 0 0
14 6 0 0
15 6 0 0
16 6 0 0
17 6 0 0
18 6 0 0
19 6 0 0
20 6 0 0
0 0
1 0.980581
2 1.96116
3 1.76505
4 1.56893
5 1.37281
6 1.1767
7 0.980581
8 0.784465
9 0.588348
10 0.392232
11 0.196116
12 0
11 8 0 0
11 7 0 0
11 6 9 4.24264
12 6 0 0
13 6 0 0
14 6 0 0
15 6 0 0
16 6 0 0
17 6 0 0
18 6 0 0
19 6 0 0
20 6 0 0
21 6 0 0
0 0
1 0.995893
2 0.905357
3 0.814822
4 0.724286
5 0.63375
6 0.543214
7 0.452679
8 0.362143
9 0.271607
10 0.181071
11 0.0905357
12 0
11 7 0 0
11 6 10 4.24264
12 6 0 0
13 6 0 0
14 6 0 0
15 6 0 0
16 6 0 0
17 6 0 0
18 6 0 0
19 6 0 0
20 6 0 0
21 6 0 0
22 6 0 0
0 0
1 0
2 0
3 0
4 0
5 0
6 0
7 0
8 0
9 0
10 0
11 0
12 0
11 6 10 4.24264
12 6 0 0
13 6 0 0
14 6 0 0
15 6 0 0
16 6 0 0
17 6 0 0
18 6 0 0
19 6 0 0
20 6 0 0
21 6 0 0
22 6 0 0
23 6 1 0
0 0
1 0
2 0
3 0
4 0
5 0
6 0
7 0
8 0
9 0
10 0
11 0
12 0
12 6 0 0
13 6 0 0
14 6 0 0
15 6 0 0
16 6 0 0
17 6 0 0
18 6 0 0
19 6 0 0
20 6 0 0
21 6 0 0
22 6 0 0
23 6 1 0
24 6 1 0
0 0
1 0
2 0
3 0
4 0
5 0
6 0
7 0
8 0
9 0
10 0
11 0
12 0
13 6 0 0
14 6 0 0
15 6 0 0
16 6 0 0
17 6 0 0
18 6 0 0
19 6 0 0
20 6 0 0
21 6 0 0
22 6 0 0
23 6 1 0
24 6 1 0
25 6 1 0
0 0
1 0
2 0
3 0
4 0
5 0
6 0
7 0
8 0
9 0
10 0
11 0
12 0
14 6 0 0
15 6 0 0
16 6 0 0
17 6 0 0
18 6 0 0
19 6 0 0
20 6 0 0
21 6 0 0
22 6 0 0
23 6 1 0
24 6 1 0
25 6 1 0
26 6 1 0
0 0
1 0
2 0
3 0
4 0
5 0
6 0
7 0
8 0
9 0
10 0
11 0
12 0
15 6 0 0
16 6 0 0
17 6 0 0
18 6 0 0
19 6 0 0
20 6 0 0
21 6 0 0
22 6 0 0
23 6 1 0
24 6 1 0
25 6 1 0
26 6 1 0
27 6 1 0
0 0
1 0
2 0
3 0
4 0
5 0
6 0
7 0
8 0
9 0
10 0
11 0
12 0
16 6 0 0
17 6 0 0
18 6 0 0
19 6 0 0
20 6 0 0
21 6 0 0
22 6 0 0
23 6 1 0
24 6 1 0
25 6 1 0
26 6 1 0
27 6 1 0
28 6 1 0
0 0
1 0
2 0
3 0
4 0
5 0
6 0
7 0
8 0
9 0
10 0
11 0
12 0
17 6 0 0
18 6 0 0
19 6 0 0
20 6 0 0
21 6 0 0
22 6 0 0
23 6 1 0
24 6 1 0
25 6 1 0
26 6 1 0
27 6 1 0
28 6 1 0
29 6 1 0
0 0
1 0
2 0
3 0
4 0
5 0
6 0
7 0
8 0
9 0
10 0
11 0
12 0
18 6 0 0
19 6 0 0
20 6 0 0
21 6 0 0
22 6 0 0
23 6 1 0
24 6 1 0
25 6 1 0
26 6 1 0
27 6 1 0
28 6 1 0
29 6 1 0
30 6 1 0
0 0
1 0
2 0
3 0
4 0
5 0
6 0
7 0
8 0
9 0
10 0
11 0
12 0
19 6 0 0
20 6 0 0
21 6 0 0
22 6 0 0
23 6 1 0
24 6 1 0
25 6 1 0
26 6 1 0
27 6 1 0
28 6 1 0
29 6 1 0
30 6 1 0
31 6 1 0
0 0
1 0
2 0
3 0
4 0
5 0
6 0
7 0
8 0
9 0
10 0
11 0
12 0
20 6 0 0
21 6 0 0
22 6 0 0
23 6 1 0
24 6 1 0
25 6 1 0
26 6 1 0
27 6 1 0
28 6 1 0
29 6 1 0
30 6 1 0
31 6 1 0
32 6 1 0
0 0
1 0
2 0
3 0
4 0
5 0
6 0
7 0
8 0
9 0
10 0
11 0
12 0
21 6 0 0
22 6 0 0
23 6 1 0
24 6 1 0
25 6 1 0
26 6 1 0
27 6 1 0
28 6 1 0
29 6 1 0
30 6 1 0
31 6 1 0
32 6 1 0
33 6 1 0
0 0
1 0
2 0
3 0
4 0
5 0
6 0
7 0
8 0
9 0
10 0
11 0
12 0
22 6 0 0
23 6 1 0
24 6 1 0
25 6 1 0
26 6 1 0
27 6 1 0
28 6 1 0
29 6 1 0
30 6 1 0
31 6 1 0
32 6 1 0
33 6 1 0
34 6 1 0
0 0
1 0
2 0
3 0
4 0
5 0
6 0
7 0
8 0
9 0
10 0
11 0
12 0
23 6 1 0
24 6 1 0
25 6 1 0
26 6 1 0
27 6 1 0
28 6 1 0
29 6 1 0
30 6 1 0
31 6 1 0
32 6 1 0
33 6 1 0
34 6 1 0
35 6 1 0
0 0
1 0.0905357
2 0.181071
3 0.271607
4 0.362143
5 0.452679
6 0.543214
7 0.63375
8 0.724286
9 0.814822
10 0.905357
11 0.995893
12 0
24 6 1 0
25 6 1 0
26 6 1 0
27 6 1 0
28 6 1 0
29 6 1 0
30 6 1 0
31 6 1 0
32 6 1 0
33 6 1 0
34 6 1 0
35 6 2 0.995893
35 7 0 0
0 0
1 0.196116
2 0.392232
3 0.588348
4 0.784465
5 0.980581
6 1.1767
7 1.37281
8 1.56893
9 1.76505
10 1.96116
11 0.980581
12 0
25 6 1 0
26 6 1 0
27 6 1 0
28 6 1 0
29 6 1 0
30 6 1 0
31 6 1 0
32 6 1 0
33 6 1 0
34 6 1 0
35 6 3 1.96116
35 7 0 0
35 8 0 0
0 0
1 0.316228
2 0.632456
3 0.948683
4 1.26491
5 1.58114
6 1.89737
7 2.21359
8 2.52982
9 2.84605
10 1.89737
11 0.948683
12 0
26 6 1 0
27 6 1 0
28 6 1 0
29 6 1 0
30 6 1 0
31 6 1 0
32 6 1 0
33 6 1 0
34 6 1 0
35 6 4 2.84605
35 7 0 0
35 8 0 0
35 9 0 0
0 0
1 0.447214
2 0.894427
3 1.34164
4 1.78885
5 2.23607
6 2.68328
7 3.1305
8 3.57771
9 2.68328
10 1.78885
11 0.894427
12 0
27 6 1 0
28 6 1 0
29 6 1 0
30 6 1 0
31 6 1 0
32 6 1 0
33 6 1 0
34 6 1 0
35 6 5 3.57771
35 7 0 0
35 8 0 0
35 9 0 0
35 10 0 0
0 0
1 0.581238
2 1.16248
3 1.74371
4 2.32495
5 2.90619
6 3.48743
7 4.06867
8 3.25493
9 2.4412
10 1.62747
11 0.813733
12 0
28 6 1 0
29 6 1 0
30 6 1 0
31 6 1 0
32 6 1 0
33 6 1 0
34 6 1 0
35 6 6 4.06867
35 7 0 0
35 8 0 0
35 9 0 0
35 10 0 0
35 11 0 0
0 0
1 0.707107
2 1.41421
3 2.12132
4 2.82843
5 3.53553
6 4.24264
7 3.53553
8 2.82843
9 2.12132
10 1.41421
11 0.707107
12 0
29 6 1 0
30 6 1 0
31 6 1 0
32 6 1 0
33 6 1 0
34 6 1 0
35 6 7 4.24264
35 7 0 0
35 8 0 0
35 9 0 0
35 10 0 0
35 11 0 0
35 12 0 0
0 0
1 0.813733
2 1.62747
3 2.4412
4 3.25493
5 4.06867
6 3.48743
7 2.90619
8 2.32495
9 1.74371
10 1.16248
11 0.581238
12 0
30 6 1 0
31 6 1 0
32 6 1 0
33 6 1 0
34 6 1 0
35 6 8 4.24264
35 7 0 0
35 8 0 0
35 9 0 0
35 10 0 0
35 11 0 0
35 12 0 0
35 13 0 0
0 0
1 0.894427
2 1.78885
3 2.68328
4 3.57771
5 3.1305
6 2.68328
7 2.23607
8 1.78885
9 1.34164
10 0.894427
11 0.447214
12 0
31 6 1 0
32 6 1 0
33 6 1 0
34 6 1 0
35 6 9 4.24264
35 7 0 0
35 8 0 0
35 9 0 0
35 10 0 0
35 11 0 0
35 12 0 0
35 13 0 0
35 14 0 0
0 0
1 0.948683
2 1.89737
3 2.84605
4 2.52982
5 2.21359
6 1.89737
7 1.58114
8 1.26491
9 0.948683
10 0.632456
11 0.316228
12 0
32 6 1 0
33 6 1 0
34 6 1 0
35 6 10 4.24264
35 7 0 0
35 8 0 0
35 9 0 0
35 10 0 0
35 11 0 0
35 12 0 0
35 13 0 0
35 14 0 0
35 15 0 0
0 0
1 0.995037
2 1.99007
3 1.89057
4 1.79107
5 1.69156
6 1.59206
7 1.49256
8 1.39305
9 1.29355
10 1.19404
11 1.09454
12 0
33 6 1 0
34 6 1 0
35 6 11 4.24264
35 7 0 0
35 8 0 0
35 9 0 0
35 10 0 0
35 11 0 0
35 12 0 0
35 13 0 0
35 14 0 0
35 15 0 0
34 16 0 0
0 0
1 0.995893
2 1.08643
3 1.17696
4 1.2675
5 1.35804
6 1.44857
7 1.53911
8 1.62964
9 1.72018
10 1.81071
11 0.905357
12 0
34 6 1 0
35 6 11 4.24264
35 7 0 0
35 8 0 0
35 9 0 0
35 10 0 0
35 11 0 0
35 12 0 0
35 13 0 0
35 14 0 0
35 15 1 1.81071
34 16 0 0
33 17 0 0
0 0
1 0.242536
2 0.485071
3 0.727607
4 0.970143
5 1.21268
6 1.45521
7 1.69775
8 1.94029
9 2.18282
10 1.45521
11 0.727607
12 0
35 6 11 4.24264
35 7 0 0
35 8 0 0
35 9 0 0
35 10 0 0
35 11 0 0
35 12 0 0
35 13 0 0
35 14 0 0
35 15 2 2.18282
34 16 0 0
33 17 0 0
32 18 0 0
0 0
1 0.316228
2 0.632456
3 0.948683
4 1.26491
5 1.58114
6 1.89737
7 2.21359
8 2.52982
9 1.89737
10 1.26491
11 0.632456
12 0
35 7 0 0
35 8 0 0
35 9 0 0
35 10 0 0
35 11 0 0
35 12 0 0
35 13 0 0
35 14 0 0
35 15 3 2.52982
34 16 0 0
33 17 0 0
32 18 0 0
31 19 0 0
0 0
1 0.384615
2 0.769231
3 1.15385
4 1.53846
5 1.92308
6 2.30769
7 2.69231
8 2.15385
9 1.61538
10 1.07692
11 0.538462
12 0
35 8 0 0
35 9 0 0
35 10 0 0
35 11 0 0
35 12 0 0
35 13 0 0
35 14 0 0
35 15 4 2.69231
34 16 0 0
33 17 0 0
32 18 0 0
31 19 0 0
30 20 0 0
0 0
1 0.316228
2 0.632456
3 0.948683
4 1.26491
5 1.58114
6 1.89737
7 1.26491
8 0.632456
9 0
10 0.632456
11 1.26491
12 0
35 9 0 0
35 10 0 0
35 11 0 0
35 12 0 0
35 13 0 0
35 14 0 0
35 15 5 2.69231
34 16 0 0
33 17 0 0
32 18 0 0
31 19 0 0
30 20 0 0
31 21 0 0
0 0
1 0.242536
2 0.485071
3 0.727607
4 0.970143
5 1.21268
6 0.485071
7 0.242536
8 0.970143
9 1.69775
10 2.42536
11 1.21268
12 0
35 10 0 0
35 11 0 0
35 12 0 0
35 13 0 0
35 14 0 0
35 15 5 2.69231
34 16 0 0
33 17 0 0
32 18 0 0
31 19 0 0
30 20 1 2.42536
31 21 0 0
32 22 0 0
0 0
1 0.164399
2 0.328798
3 0.493197
4 0.657596
5 0.164399
6 0.986394
7 1.80839
8 2.63038
9 3.45238
10 2.30159
11 1.15079
12 0
35 11 0 0
35 12 0 0
35 13 0 0
35 14 0 0
35 15 5 2.69231
34 16 0 0
33 17 0 0
32 18 0 0
31 19 0 0
30 20 2 3.45238
31 21 0 0
32 22 0 0
33 23 0 0
0 0
1 0.0830455
2 0.166091
3 0.249136
4 0.664364
5 1.57786
6 2.49136
7 3.40486
8 4.31836
9 3.23877
10 2.15918
11 1.07959
12 0
35 12 0 0
35 13 0 0
35 14 0 0
35 15 5 2.69231
34 16 0 0
33 17 0 0
32 18 0 0
31 19 0 0
30 20 3 4.31836
31 21 0 0
32 22 0 0
33 23 0 0
34 24 0 0
0 0
1 0
2 0
3 1
4 2
5 3
6 4
7 5
8 4
9 3
10 2
11 1
12 0
35 13 0 0
35 14 0 0
35 15 5 2.69231
34 16 0 0
33 17 0 0
32 18 0 0
31 19 0 0
30 20 4 5
31 21 0 0
32 22 0 0
33 23 0 0
34 24 0 0
35 25 0 0
0 0
1 0
2 1
3 2
4 3
5 4
6 5
7 4
8 3
9 2
10 1
11 0
12 0
35 14 0 0
35 15 5 2.69231
34 16 0 0
33 17 0 0
32 18 0 0
31 19 0 0
30 20 5 5
31 21 0 0
32 22 0 0
33 23 0 0
34 24 0 0
35 25 0 0
35 26 0 0
0 0
1 1
2 2
3 3
4 4
5 5
6 4
7 3
8 2
9 1
10 0
11 0
12 0
35 15 5 2.69231
34 16 0 0
33 17 0 0
32 18 0 0
31 19 0 0
30 20 6 5
31 21 0 0
32 22 0 0
33 23 0 0
34 24 0 0
35 25 0 0
35 26 0 0
35 27 0 0
0 0
1 1.07959
2 2.15918
3 3.23877
4 4.31836
5 3.40486
6 2.49136
7 1.57786
8 0.664364
9 0.249136
10 0.166091
11 0.0830455
12 0
34 16 0 0
33 17 0 0
32 18 0 0
31 19 0 0
30 20 7 5
31 21 0 0
32 22 0 0
33 23 0 0
34 24 0 0
35 25 0 0
35 26 0 0
35 27 0 0
35 28 0 0
0 0
1 1.15079
2 2.30159
3 3.45238
4 2.63038
5 1.80839
6 0.986394
7 0.164399
8 0.657596
9 0.493197
10 0.328798
11 0.164399
12 0
33 17 0 0
32 18 0 0
31 19 0 0
30 20 8 5
31 21 0 0
32 22 0 0
33 23 0 0
34 24 0 0
35 25 0 0
35 26 0 0
35 27 0 0
35 28 0 0
35 29 0 0
0 0
1 1.21268
2 2.42536
3 1.69775
4 0.970143
5 0.242536
6 0.485071
7 1.21268
8 0.970143
9 0.727607
10 0.485071
11 0.242536
12 0
32 18 0 0
31 19 0 0
30 20 9 5
31 21 0 0
32 22 0 0
33 23 0 0
34 24 0 0
35 25 0 0
35 26 0 0
35 27 0 0
35 28 0 0
35 29 0 0
35 30 0 0
0 0
1 1.26491
2 0.632456
3 0
4 0.632456
5 1.26491
6 1.89737
7 1.58114
8 1.26491
9 0.948683
10 0.632456
11 0.316228
12 0
31 19 0 0
30 20 9 5
31 21 0 0
32 22 0 0
33 23 0 0
34 24 0 0
35 25 1 1.89737
35 26 0 0
35 27 0 0
35 28 0 0
35 29 0 0
35 30 0 0
35 31 0 0
0 0
1 0.538462
2 1.07692
3 1.61538
4 2.15385
5 2.69231
6 2.30769
7 1.92308
8 1.53846
9 1.15385
10 0.769231
11 0.384615
12 0
30 20 9 5
31 21 0 0
32 22 0 0
33 23 0 0
34 24 0 0
35 25 2 2.69231
35 26 0 0
35 27 0 0
35 28 0 0
35 29 0 0
35 30 0 0
35 31 0 0
35 32 0 0
0 0
1 0.632456
2 1.26491
3 1.89737
4 2.52982
5 2.21359
6 1.89737
7 1.58114
8 1.26491
9 0.948683
10 0.632456
11 0.316228
12 0
31 21 0 0
32 22 0 0
33 23 0 0
34 24 0 0
35 25 3 2.69231
35 26 0 0
35 27 0 0
35 28 0 0
35 29 0 0
35 30 0 0
35 31 0 0
35 32 0 0
35 33 0 0
0 0
1 0.727607
2 1.45521
3 2.18282
4 1.94029
5 1.69775
6 1.45521
7 1.21268
8 0.970143
9 0.727607
10 0.485071
11 0.242536
12 0
32 22 0 0
33 23 0 0
34 24 0 0
35 25 4 2.69231
35 26 0 0
35 27 0 0
35 28 0 0
35 29 0 0
35 30 0 0
35 31 0 0
35 32 0 0
35 33 0 0
35 34 0 0
0 0
1 0.821995
2 1.64399
3 1.47959
4 1.31519
5 1.15079
6 0.986394
7 0.821995
8 0.657596
9 0.493197
10 0.328798
11 0.164399
12 0
33 23 0 0
34 24 0 0
35 25 5 2.69231
35 26 0 0
35 27 0 0
35 28 0 0
35 29 0 0
35 30 0 0
35 31 0 0
35 32 0 0
35 33 0 0
35 34 0 0
35 35 0 0
0 0
1 1
2 1
3 1
4 1
5 1
6 1
7 1
8 1
9 1
10 1
11 1
12 0
34 24 0 0
35 25 5 2.69231
35 26 0 0
35 27 0 0
35 28 0 0
35 29 0 0
35 30 0 0
35 31 0 0
35 32 0 0
35 33 0 0
35 34 0 0
35 35 1 1
34 35 0 0
0 0
1 0.196116
2 0.392232
3 0.588348
4 0.784465
5 0.980581
6 1.1767
7 1.37281
8 1.56893
9 1.76505
10 1.96116
11 0.980581
12 0
35 25 5 2.69231
35 26 0 0
35 27 0 0
35 28 0 0
35 29 0 0
35 30 0 0
35 31 0 0
35 32 0 0
35 33 0 0
35 34 0 0
35 35 2 1.96116
34 35 0 0
33 35 0 0
0 0
1 0.316228
2 0.632456
3 0.948683
4 1.26491
5 1.58114
6 1.89737
7 2.21359
8 2.52982
9 2.84605
10 1.89737
11 0.948683
12 0
35 26 0 0
35 27 0 0
35 28 0 0
35 29 0 0
35 30 0 0
35 31 0 0
35 32 0 0
35 33 0 0
35 34 0 0
35 35 3 2.84605
34 35 0 0
33 35 0 0
32 35 0 0
0 0
1 0.447214
2 0.894427
3 1.34164
4 1.78885
5 2.23607
6 2.68328
7 3.1305
8 3.57771
9 2.68328
10 1.78885
11 0.894427
12 0
35 27 0 0
35 28 0 0
35 29 0 0
35 30 0 0
35 31 0 0
35 32 0 0
35 33 0 0
35 34 0 0
35 35 4 3.57771
34 35 0 0
33 35 0 0
32 35 0 0
31 35 0 0
0 0
1 0.581238
2 1.16248
3 1.74371
4 2.32495
5 2.90619
6 3.48743
7 4.06867
8 3.25493
9 2.4412
10 1.62747
11 0.813733
12 0
35 28 0 0
35 29 0 0
35 30 0 0
35 31 0 0
35 32 0 0
35 33 0 0
35 34 0 0
35 35 5 4.06867
34 35 0 0
33 35 0 0
32 35 0 0
31 35 0 0
30 35 0 0
0 0
1 0.707107
2 1.41421
3 2.12132
4 2.82843
5 3.53553
6 4.24264
7 3.53553
8 2.82843
9 2.12132
10 1.41421
11 0.707107
12 0
35 29 0 0
35 30 0 0
35 31 0 0
35 32 0 0
35 33 0 0
35 34 0 0
35 35 6 4.24264
34 35 0 0
33 35 0 0
32 35 0 0
31 35 0 0
30 35 0 0
29 35 0 0
0 0
1 0.813733
2 1.62747
3 2.4412
4 3.25493
5 4.06867
6 3.48743
7 2.90619
8 2.32495
9 1.74371
10 1.16248
11 0.581238
12 0
35 30 0 0
35 31 0 0
35 32 0 0
35 33 0 0
35 34 0 0
35 35 7 4.24264
34 35 0 0
33 35 0 0
32 35 0 0
31 35 0 0
30 35 0 0
29 35 0 0
28 35 0 0
0 0
1 0.894427
2 1.78885
3 2.68328
4 3.57771
5 3.1305
6 2.68328
7 2.23607
8 1.78885
9 1.34164
10 0.894427
11 0.447214
12 0
35 31 0 0
35 32 0 0
35 33 0 0
35 34 0 0
35 35 8 4.24264
34 35 0 0
33 35 0 0
32 35 0 0
31 35 0 0
30 35 0 0
29 35 0 0
28 35 0 0
27 35 0 0
0 0
1 0.948683
2 1.89737
3 2.84605
4 2.52982
5 2.21359
6 1.89737
7 1.58114
8 1.26491
9 0.948683
10 0.632456
11 0.316228
12 0
35 32 0 0
35 33 0 0
35 34 0 0
35 35 9 4.24264
34 35 0 0
33 35 0 0
32 35 0 0
31 35 0 0
30 35 0 0
29 35 0 0
28 35 0 0
27 35 0 0
26 35 0 0
0 0
1 0.980581
2 1.96116
3 1.76505
4 1.56893
5 1.37281
6 1.1767
7 0.980581
8 0.784465
9 0.588348
10 0.392232
11 0.196116
12 0
35 33 0 0
35 34 0 0
35 35 10 4.24264
34 35 0 0
33 35 0 0
32 35 0 0
31 35 0 0
30 35 0 0
29 35 0 0
28 35 0 0
27 35 0 0
26 35 0 0
25 35 0 0
0 0
1 0.995893
2 0.905357
3 0.814822
4 0.724286
5 0.63375
6 0.543214
7 0.452679
8 0.362143
9 0.271607
10 0.181071
11 0.0905357
12 0
35 34 0 0
35 35 11 4.24264
34 35 0 0
33 35 0 0
32 35 0 0
31 35 0 0
30 35 0 0
29 35 0 0
28 35 0 0
27 35 0 0
26 35 0 0
25 35 0 0
24 35 0 0
0 0
1 0
2 0
3 0
4 0
5 0
6 0
7 0
8 0
9 0
10 0
11 0
12 0
35 35 11 4.24264
34 35 0 0
33 35 0 0
32 35 0 0
31 35 0 0
30 35 0 0
29 35 0 0
28 35 0 0
27 35 0 0
26 35 0 0
25 35 0 0
24 35 0 0
23 35 1 0
0 0
1 0
2 0
3 0
4 0
5 0
6 0
7 0
8 0
9 0
10 0
11 0
12 0
34 35 0 0
33 35 0 0
32 35 0 0
31 35 0 0
30 35 0 0
29 35 0 0
28 35 0 0
27 35 0 0
26 35 0 0
25 35 0 0
24 35 0 0
23 35 1 0
22 35 1 0
0 0
1 0
2 0
3 0
4 0
5 0
6 0
7 0
8 0
9 0
10 0
11 0
12 0
33 35 0 0
32 35 0 0
31 35 0 0
30 35 0 0
29 35 0 0
28 35 0 0
27 35 0 0
26 35 0 0
25 35 0 0
24 35 0 0
23 35 1 0
22 35 1 0
21 35 1 0
0 0
1 0
2 0
3 0
4 0
5 0
6 0
7 0
8 0
9 0
10 0
11 0
12 0
32 35 0 0
31 35 0 0
30 35 0 0
29 35 0 0
28 35 0 0
27 35 0 0
26 35 0 0
25 35 0 0
24 35 0 0
23 35 1 0
22 35 1 0
21 35 1 0
20 35 1 0
0 0
1 0
2 0
3 0
4 0
5 0
6 0
7 0
8 0
9 0
10 0
11 0
12 0
31 35 0 0
30 35 0 0
29 35 0 0
28 35 0 0
27 35 0 0
26 35 0 0
25 35 0 0
24 35 0 0
23 35 1 0
22 35 1 0
21 35 1 0
20 35 1 0
19 35 1 0
0 0
1 0
2 0
3 0
4 0
5 0
6 0
7 0
8 0
9 0
10 0
11 0
12 0
30 35 0 0
29 35 0 0
28 35 0 0
27 35 0 0
26 35 0 0
25 35 0 0
24 35 0 0
23 35 1 0
22 35 1 0
21 35 1 0
20 35 1 0
19 35 1 0
18 35 1 0
0 0
1 0
2 0
3 0
4 0
5 0
6 0
7 0
8 0
9 0
10 0
11 0
12 0
29 35 0 0
28 35 0 0
27 35 0 0
26 35 0 0
25 35 0 0
24 35 0 0
23 35 1 0
22 35 1 0
21 35 1 0
20 35 1 0
19 35 1 0
18 35 1 0
17 35 1 0
0 0
1 0
2 0
3 0
4 0
5 0
6 0
7 0
8 0
9 0
10 0
11 0
12 0
28 35 0 0
27 35 0 0
26 35 0 0
25 35 0 0
24 35 0 0
23 35 1 0
22 35 1 0
21 35 1 0
20 35 1 0
19 35 1 0
18 35 1 0
17 35 1 0
16 35 1 0
0 0
1 0
2 0
3 0
4 0
5 0
6 0
7 0
8 0
9 0
10 0
11 0
12 0
27 35 0 0
26 35 0 0
25 35 0 0
24 35 0 0
23 35 1 0
22 35 1 0
21 35 1 0
20 35 1 0
19 35 1 0
18 35 1 0
17 35 1 0
16 35 1 0
15 35 1 0
0 0
1 0
2 0
3 0
4 0
5 0
6 0
7 0
8 0
9 0
10 0
11 0
12 0
26 35 0 0
25 35 0 0
24 35 0 0
23 35 1 0
22 35 1 0
21 35 1 0
20 35 1 0
19 35 1 0
18 35 1 0
17 35 1 0
16 35 1 0
15 35 1 0
14 35 1 0
0 0
1 0
2 0
3 0
4 0
5 0
6 0
7 0
8 0
9 0
10 0
11 0
12 0
25 35 0 0
24 35 0 0
23 35 1 0
22 35 1 0
21 35 1 0
20 35 1 0
19 35 1 0
18 35 1 0
17 35 1 0
16 35 1 0
15 35 1 0
14 35 1 0
13 35 1 0
0 0
1 0
2 0
3 0
4 0
5 0
6 0
7 0
8 0
9 0
10 0
11 0
12 0
24 35 0 0
23 35 1 0
22 35 1 0
21 35 1 0
20 35 1 0
19 35 1 0
18 35 1 0
17 35 1 0
16 35 1 0
15 35 1 0
14 35 1 0
13 35 1 0
12 35 1 0
0 0
1 0
2 0
3 0
4 0
5 0
6 0
7 0
8 0
9 0
10 0
11 0
12 0
23 35 1 0
22 35 1 0
21 35 1 0
20 35 1 0
19 35 1 0
18 35 1 0
17 35 1 0
16 35 1 0
15 35 1 0
14 35 1 0
13 35 1 0
12 35 1 0
11 35 1 0
0 0
1 0.0905357
2 0.181071
3 0.271607
4 0.362143
5 0.452679
6 0.543214
7 0.63375
8 0.724286
9 0.814822
10 0.905357
11 0.995893
12 0
22 35 1 0
21 35 1 0
20 35 1 0
19 35 1 0
18 35 1 0
17 35 1 0
16 35 1 0
15 35 1 0
14 35 1 0
13 35 1 0
12 35 1 0
11 35 2 0.995893
11 34 0 0
0 0
1 0.196116
2 0.392232
3 0.588348
4 0.784465
5 0.980581
6 1.1767
7 1.37281
8 1.56893
9 1.76505
10 1.96116
11 0.980581
12 0
21 35 1 0
20 35 1 0
19 35 1 0
18 35 1 0
17 35 1 0
16 35 1 0
15 35 1 0
14 35 1 0
13 35 1 0
12 35 1 0
11 35 3 1.96116
11 34 0 0
11 33 0 0
0 0
1 0.316228
2 0.632456
3 0.948683
4 1.26491
5 1.58114
6 1.89737
7 2.21359
8 2.52982
9 2.84605
10 1.89737
11 0.948683
12 0
20 35 1 0
19 35 1 0
18 35 1 0
17 35 1 0
16 35 1 0
15 35 1 0
14 35 1 0
13 35 1 0
12 35 1 0
11 35 4 2.84605
11 34 0 0
11 33 0 0
11 32 0 0
0 0
1 0.447214
2 0.894427
3 1.34164
4 1.78885
5 2.23607
6 2.68328
7 3.1305
8 3.57771
9 2.68328
10 1.78885
11 0.894427
12 0
19 35 1 0
18 35 1 0
17 35 1 0
16 35 1 0
15 35 1 0
14 35 1 0
13 35 1 0
12 35 1 0
11 35 5 3.57771
11 34 0 0
11 33 0 0
11 32 0 0
11 31 0 0
0 0
1 0.581238
2 1.16248
3 1.74371
4 2.32495
5 2.90619
6 3.48743
7 4.06867
8 3.25493
9 2.4412
10 1.62747
11 0.813733
12 0
18 35 1 0
17 35 1 0
16 35 1 0
15 35 1 0
14 35 1 0
13 35 1 0
12 35 1 0
11 35 6 4.06867
11 34 0 0
11 33 0 0
11 32 0 0
11 31 0 0
11 30 0 0
0 0
1 0.707107
2 1.41421
3 2.12132
4 2.82843
5 3.53553
6 4.24264
7 3.53553
8 2.82843
9 2.12132
10 1.41421
11 0.707107
12 0
17 35 1 0
16 35 1 0
15 35 1 0
14 35 1 0
13 35 1 0
12 35 1 0
11 35 7 4.24264
11 34 0 0
11 33 0 0
11 32 0 0
11 31 0 0
11 30 0 0
11 29 0 0
0 0
1 0.813733
2 1.62747
3 2.4412
4 3.25493
5 4.06867
6 3.48743
7 2.90619
8 2.32495
9 1.74371
10 1.16248
11 0.581238
12 0
16 35 1 0
15 35 1 0
14 35 1 0
13 35 1 0
12 35 1 0
11 35 8 4.24264
11 34 0 0
11 33 0 0
11 32 0 0
11 31 0 0
11 30 0 0
11 29 0 0
11 28 0 0
0 0
1 0.894427
2 1.78885
3 2.68328
4 3.57771
5 3.1305
6 2.68328
7 2.23607
8 1.78885
9 1.34164
10 0.894427
11 0.447214
12 0
15 35 1 0
14 35 1 0
13 35 1 0
12 35 1 0
11 35 9 4.24264
11 34 0 0
11 33 0 0
11 32 0 0
11 31 0 0
11 30 0 0
11 29 0 0
11 28 0 0
11 27 0 0
0 0
1 0.948683
2 1.89737
3 2.84605
4 2.52982
5 2.21359
6 1.89737
7 1.58114
8 1.26491
9 0.948683
10 0.632456
11 0.316228
12 0
14 35 1 0
13 35 1 0
12 35 1 0
11 35 10 4.24264
11 34 0 0
11 33 0 0
11 32 0 0
11 31 0 0
11 30 0 0
11 29 0 0
11 28 0 0
11 27 0 0
11 26 0 0
0 0
1 0.980581
2 1.96116
3 1.76505
4 1.56893
5 1.37281
6 1.1767
7 0.980581
8 0.784465
9 0.588348
10 0.392232
11 0.196116
12 0
13 35 1 0
12 35 1 0
11 35 11 4.24264
11 34 0 0
11 33 0 0
11 32 0 0
11 31 0 0
11 30 0 0
11 29 0 0
11 28 0 0
11 27 0 0
11 26 0 0
11 25 0 0
0 0
1 0.98387
2 0.804984
3 0.626099
4 0.447214
5 0.268328
6 0.0894427
7 0.0894427
8 0.268328
9 0.447214
10 0.626099
11 0.804984
12 0
12 35 1 0
11 35 12 4.24264
11 34 0 0
11 33 0 0
11 32 0 0
11 31 0 0
11 30 0 0
11 29 0 0
11 28 0 0
11 27 0 0
11 26 0 0
11 25 0 0
10 24 0 0
0 0
1 0.164399
2 0.328798
3 0.493197
4 0.657596
5 0.821995
6 0.986394
7 1.15079
8 1.31519
9 1.47959
10 1.64399
11 0.821995
12 0
11 35 12 4.24264
11 34 0 0
11 33 0 0
11 32 0 0
11 31 0 0
11 30 0 0
11 29 0 0
11 28 0 0
11 27 0 0
11 26 0 0
11 25 1 1.64399
10 24 0 0
9 23 0 0
0 0
1 0.242536
2 0.485071
3 0.727607
4 0.970143
5 1.21268
6 1.45521
7 1.69775
8 1.94029
9 2.18282
10 1.45521
11 0.727607
12 0
11 34 0 0
11 33 0 0
11 32 0 0
11 31 0 0
11 30 0 0
11 29 0 0
11 28 0 0
11 27 0 0
11 26 0 0
11 25 2 2.18282
10 24 0 0
9 23 0 0
8 22 0 0
0 0
1 0.316228
2 0.632456
3 0.948683
4 1.26491
5 1.58114
6 1.89737
7 2.21359
8 2.52982
9 1.89737
10 1.26491
11 0.632456
12 0
11 33 0 0
11 32 0 0
11 31 0 0
11 30 0 0
11 29 0 0
11 28 0 0
11 27 0 0
11 26 0 0
11 25 3 2.52982
10 24 0 0
9 23 0 0
8 22 0 0
7 21 0 0
0 0
1 0.384615
2 0.769231
3 1.15385
4 1.53846
5 1.92308
6 2.30769
7 2.69231
8 2.15385
9 1.61538
10 1.07692
11 0.538462
12 0
0 0
1 0.316228
2 0.632456
3 0.948683
4 1.26491
5 1.58114
6 1.89737
7 1.26491
8 0.632456
9 0
10 0.632456
11 1.26491
12 0
0 0
1 0.242536
2 0.485071
3 0.727607
4 0.970143
5 1.21268
6 0.485071
7 0.242536
8 0.970143
9 1.69775
10 2.42536
11 1.21268
12 0
0 0
1 0.164399
2 0.328798
3 0.493197
4 0.657596
5 0.164399
6 0.986394
7 1.80839
8 2.63038
9 3.45238
10 2.30159
11 1.15079
12 0
0 0
1 0.0830455
2 0.166091
3 0.249136
4 0.664364
5 1.57786
6 2.49136
7 3.40486
8 4.31836
9 3.23877
10 2.15918
11 1.07959
12 0
0 0
1 0
2 0
3 1
4 2
5 3
6 4
7 5
8 4
9 3
10 2
11 1
12 0
(6, 20, 4, 5) (7, 19, 0, 0) (8, 18, 0, 0) (9, 17, 0, 0) (10, 16, 0, 0) 
(11, 15, 4, 2.69231) (11, 14, 0, 0) (11, 13, 0, 0) (11, 12, 0, 0) (11, 11, 0, 0) 
(11, 10, 0, 0) (11, 9, 0, 0) (11, 8, 0, 0) (11, 7, 0, 0) (11, 6, 10, 4.24264) 
(12, 6, 0, 0) (13, 6, 0, 0) (14, 6, 0, 0) (15, 6, 0, 0) (16, 6, 0, 0) 
(17, 6, 0, 0) (18, 6, 0, 0) (19, 6, 0, 0) (20, 6, 0, 0) (21, 6, 0, 0) 
(22, 6, 0, 0) (23, 6, 1, 0) (24, 6, 1, 0) (25, 6, 1, 0) (26, 6, 1, 0) 
(27, 6, 1, 0) (28, 6, 1, 0) (29, 6, 1, 0) (30, 6, 1, 0) (31, 6, 1, 0) 
(32, 6, 1, 0) (33, 6, 1, 0) (34, 6, 1, 0) (35, 6, 11, 4.24264) (35, 7, 0, 0) 
(35, 8, 0, 0) (35, 9, 0, 0) (35, 10, 0, 0) (35, 11, 0, 0) (35, 12, 0, 0) 
(35, 13, 0, 0) (35, 14, 0, 0) (35, 15, 5, 2.69231) (34, 16, 0, 0) (33, 17, 0, 0) 
(32, 18, 0, 0) (31, 19, 0, 0) (30, 20, 9, 5) (31, 21, 0, 0) (32, 22, 0, 0) 
(33, 23, 0, 0) (34, 24, 0, 0) (35, 25, 5, 2.69231) (35, 26, 0, 0) (35, 27, 0, 0) 
(35, 28, 0, 0) (35, 29, 0, 0) (35, 30, 0, 0) (35, 31, 0, 0) (35, 32, 0, 0) 
(35, 33, 0, 0) (35, 34, 0, 0) (35, 35, 11, 4.24264) (34, 35, 0, 0) (33, 35, 0, 0) 
(32, 35, 0, 0) (31, 35, 0, 0) (30, 35, 0, 0) (29, 35, 0, 0) (28, 35, 0, 0) 
(27, 35, 0, 0) (26, 35, 0, 0) (25, 35, 0, 0) (24, 35, 0, 0) (23, 35, 1, 0) 
(22, 35, 1, 0) (21, 35, 1, 0) (20, 35, 1, 0) (19, 35, 1, 0) (18, 35, 1, 0) 
(17, 35, 1, 0) (16, 35, 1, 0) (15, 35, 1, 0) (14, 35, 1, 0) (13, 35, 1, 0) 
(12, 35, 1, 0) (11, 35, 12, 4.24264) (11, 34, 0, 0) (11, 33, 0, 0) (11, 32, 0, 0) 
(11, 31, 0, 0) (11, 30, 0, 0) (11, 29, 0, 0) (11, 28, 0, 0) (11, 27, 0, 0) 
(11, 26, 0, 0) (11, 25, 5, 2.69231) (10, 24, 0, 0) (9, 23, 0, 0) (8, 22, 0, 0) 
(7, 21, 0, 0) 