0 0
1 0.317999
2 0.635999
3 0.953998
4 1.272
5 1.59
6 1.06
7 0.529999
8 0
6 20 0 0
7 19 0 0
8 18 0 0
9 17 0 0
10 16 0 0
11 15 1 1.59
11 14 0 0
11 13 0 0
11 12 0 0
0 0
1 0.447214
2 0.894427
3 1.34164
4 1.78885
5 1.34164
6 0.894427
7 0.447214
8 0
7 19 0 0
8 18 0 0
9 17 0 0
10 16 0 0
11 15 2 1.78885
11 14 0 0
11 13 0 0
11 12 0 0
11 11 0 0
0 0
1 0.585206
2 1.17041
3 1.75562
4 1.40449
5 1.05337
6 0.702247
7 0.351123
8 0
8 18 0 0
9 17 0 0
10 16 0 0
11 15 3 1.78885
11 14 0 0
11 13 0 0
11 12 0 0
11 11 0 0
11 10 0 0
0 0
1 0.727607
2 1.45521
3 1.21268
4 0.970143
5 0.727607
6 0.485071
7 0.242536
8 0
9 17 0 0
10 16 0 0
11 15 4 1.78885
11 14 0 0
11 13 0 0
11 12 0 0
11 11 0 0
11 10 0 0
11 9 0 0
0 0
1 0.868243
2 0.744208
3 0.620174
4 0.496139
5 0.372104
6 0.248069
7 0.124035
8 0
10 16 0 0
11 15 5 1.78885
11 14 0 0
11 13 0 0
11 12 0 0
11 11 0 0
11 10 0 0
11 9 0 0
11 8 0 0
0 0
1 0
2 0
3 0
4 0
5 0
6 0
7 0
8 0
11 15 5 1.78885
11 14 0 0
11 13 0 0
11 12 0 0
11 11 0 0
11 10 0 0
11 9 0 0
11 8 0 0
11 7 1 0
0 0
1 0
2 0
3 0
4 0
5 0
6 0
7 0
8 0
11 14 0 0
11 13 0 0
11 12 0 0
11 11 0 0
11 10 0 0
11 9 0 0
11 8 0 0
11 7 1 0
11 6 1 0
0 0
1 0.141421
2 0.282843
3 0.424264
4 0.565685
5 0.707107
6 0.848528
7 0.989949
8 0
11 13 0 0
11 12 0 0
11 11 0 0
11 10 0 0
11 9 0 0
11 8 0 0
11 7 1 0
11 6 2 0.989949
12 6 0 0
0 0
1 0.316228
2 0.632456
3 0.948683
4 1.26491
5 1.58114
6 1.89737
7 0.948683
8 0
11 12 0 0
11 11 0 0
11 10 0 0
11 9 0 0
11 8 0 0
11 7 1 0
11 6 3 1.89737
12 6 0 0
13 6 0 0
0 0
1 0.514496
2 1.02899
3 1.54349
4 2.05798
5 2.57248
6 1.71499
7 0.857493
8 0
11 11 0 0
11 10 0 0
11 9 0 0
11 8 0 0
11 7 1 0
11 6 4 2.57248
12 6 0 0
13 6 0 0
14 6 0 0
0 0
1 0.707107
2 1.41421
3 2.12132
4 2.82843
5 2.12132
6 1.41421
7 0.707107
8 0
11 10 0 0
11 9 0 0
11 8 0 0
11 7 1 0
11 6 5 2.82843
12 6 0 0
13 6 0 0
14 6 0 0
15 6 0 0
0 0
1 0.857493
2 1.71499
3 2.57248
4 2.05798
5 1.54349
6 1.02899
7 0.514496
8 0
11 9 0 0
11 8 0 0
11 7 1 0
11 6 6 2.82843
12 6 0 0
13 6 0 0
14 6 0 0
15 6 0 0
16 6 0 0
0 0
1 0.948683
2 1.89737
3 1.58114
4 1.26491
5 0.948683
6 0.632456
7 0.316228
8 0
11 8 0 0
11 7 1 0
11 6 7 2.82843
12 6 0 0
13 6 0 0
14 6 0 0
15 6 0 0
16 6 0 0
17 6 0 0
0 0
1 0.989949
2 0.848528
3 0.707107
4 0.565685
5 0.424264
6 0.282843
7 0.141421
8 0
11 7 1 0
11 6 8 2.82843
12 6 0 0
13 6 0 0
14 6 0 0
15 6 0 0
16 6 0 0
17 6 0 0
18 6 0 0
0 0
1 0
2 0
3 0
4 0
5 0
6 0
7 0
8 0
11 6 8 2.82843
12 6 0 0
13 6 0 0
14 6 0 0
15 6 0 0
16 6 0 0
17 6 0 0
18 6 0 0
19 6 1 0
0 0
1 0
2 0
3 0
4 0
5 0
6 0
7 0
8 0
12 6 0 0
13 6 0 0
14 6 0 0
15 6 0 0
16 6 0 0
17 6 0 0
18 6 0 0
19 6 1 0
20 6 1 0
0 0
1 0
2 0
3 0
4 0
5 0
6 0
7 0
8 0
13 6 0 0
14 6 0 0
15 6 0 0
16 6 0 0
17 6 0 0
18 6 0 0
19 6 1 0
20 6 1 0
21 6 1 0
0 0
1 0
2 0
3 0
4 0
5 0
6 0
7 0
8 0
14 6 0 0
15 6 0 0
16 6 0 0
17 6 0 0
18 6 0 0
19 6 1 0
20 6 1 0
21 6 1 0
22 6 1 0
0 0
1 0
2 0
3 0
4 0
5 0
6 0
7 0
8 0
15 6 0 0
16 6 0 0
17 6 0 0
18 6 0 0
19 6 1 0
20 6 1 0
21 6 1 0
22 6 1 0
23 6 1 0
0 0
1 0
2 0
3 0
4 0
5 0
6 0
7 0
8 0
16 6 0 0
17 6 0 0
18 6 0 0
19 6 1 0
20 6 1 0
21 6 1 0
22 6 1 0
23 6 1 0
24 6 1 0
0 0
1 0
2 0
3 0
4 0
5 0
6 0
7 0
8 0
17 6 0 0
18 6 0 0
19 6 1 0
20 6 1 0
21 6 1 0
22 6 1 0
23 6 1 0
24 6 1 0
25 6 1 0
0 0
1 0
2 0
3 0
4 0
5 0
6 0
7 0
8 0
18 6 0 0
19 6 1 0
20 6 1 0
21 6 1 0
22 6 1 0
23 6 1 0
24 6 1 0
25 6 1 0
26 6 1 0
0 0
1 0
2 0
3 0
4 0
5 0
6 0
7 0
8 0
19 6 1 0
20 6 1 0
21 6 1 0
22 6 1 0
23 6 1 0
24 6 1 0
25 6 1 0
26 6 1 0
27 6 1 0
0 0
1 0
2 0
3 0
4 0
5 0
6 0
7 0
8 0
20 6 1 0
21 6 1 0
22 6 1 0
23 6 1 0
24 6 1 0
25 6 1 0
26 6 1 0
27 6 1 0
28 6 1 0
0 0
1 0
2 0
3 0
4 0
5 0
6 0
7 0
8 0
21 6 1 0
22 6 1 0
23 6 1 0
24 6 1 0
25 6 1 0
26 6 1 0
27 6 1 0
28 6 1 0
29 6 1 0
0 0
1 0
2 0
3 0
4 0
5 0
6 0
7 0
8 0
22 6 1 0
23 6 1 0
24 6 1 0
25 6 1 0
26 6 1 0
27 6 1 0
28 6 1 0
29 6 1 0
30 6 1 0
0 0
1 0
2 0
3 0
4 0
5 0
6 0
7 0
8 0
23 6 1 0
24 6 1 0
25 6 1 0
26 6 1 0
27 6 1 0
28 6 1 0
29 6 1 0
30 6 1 0
31 6 1 0
0 0
1 0
2 0
3 0
4 0
5 0
6 0
7 0
8 0
24 6 1 0
25 6 1 0
26 6 1 0
27 6 1 0
28 6 1 0
29 6 1 0
30 6 1 0
31 6 1 0
32 6 1 0
0 0
1 0
2 0
3 0
4 0
5 0
6 0
7 0
8 0
25 6 1 0
26 6 1 0
27 6 1 0
28 6 1 0
29 6 1 0
30 6 1 0
31 6 1 0
32 6 1 0
33 6 1 0
0 0
1 0
2 0
3 0
4 0
5 0
6 0
7 0
8 0
26 6 1 0
27 6 1 0
28 6 1 0
29 6 1 0
30 6 1 0
31 6 1 0
32 6 1 0
33 6 1 0
34 6 1 0
0 0
1 0
2 0
3 0
4 0
5 0
6 0
7 0
8 0
27 6 1 0
28 6 1 0
29 6 1 0
30 6 1 0
31 6 1 0
32 6 1 0
33 6 1 0
34 6 1 0
35 6 1 0
0 0
1 0.141421
2 0.282843
3 0.424264
4 0.565685
5 0.707107
6 0.848528
7 0.989949
8 0
28 6 1 0
29 6 1 0
30 6 1 0
31 6 1 0
32 6 1 0
33 6 1 0
34 6 1 0
35 6 2 0.989949
35 7 0 0
0 0
1 0.316228
2 0.632456
3 0.948683
4 1.26491
5 1.58114
6 1.89737
7 0.948683
8 0
29 6 1 0
30 6 1 0
31 6 1 0
32 6 1 0
33 6 1 0
34 6 1 0
35 6 3 1.89737
35 7 0 0
35 8 0 0
0 0
1 0.514496
2 1.02899
3 1.54349
4 2.05798
5 2.57248
6 1.71499
7 0.857493
8 0
30 6 1 0
31 6 1 0
32 6 1 0
33 6 1 0
34 6 1 0
35 6 4 2.57248
35 7 0 0
35 8 0 0
35 9 0 0
0 0
1 0.707107
2 1.41421
3 2.12132
4 2.82843
5 2.12132
6 1.41421
7 0.707107
8 0
31 6 1 0
32 6 1 0
33 6 1 0
34 6 1 0
35 6 5 2.82843
35 7 0 0
35 8 0 0
35 9 0 0
35 10 0 0
0 0
1 0.857493
2 1.71499
3 2.57248
4 2.05798
5 1.54349
6 1.02899
7 0.514496
8 0
32 6 1 0
33 6 1 0
34 6 1 0
35 6 6 2.82843
35 7 0 0
35 8 0 0
35 9 0 0
35 10 0 0
35 11 0 0
0 0
1 0.948683
2 1.89737
3 1.58114
4 1.26491
5 0.948683
6 0.632456
7 0.316228
8 0
33 6 1 0
34 6 1 0
35 6 7 2.82843
35 7 0 0
35 8 0 0
35 9 0 0
35 10 0 0
35 11 0 0
35 12 0 0
0 0
1 0.989949
2 0.848528
3 0.707107
4 0.565685
5 0.424264
6 0.282843
7 0.141421
8 0
34 6 1 0
35 6 8 2.82843
35 7 0 0
35 8 0 0
35 9 0 0
35 10 0 0
35 11 0 0
35 12 0 0
35 13 0 0
0 0
1 0
2 0
3 0
4 0
5 0
6 0
7 0
8 0
35 6 8 2.82843
35 7 0 0
35 8 0 0
35 9 0 0
35 10 0 0
35 11 0 0
35 12 0 0
35 13 0 0
35 14 1 0
0 0
1 0
2 0
3 0
4 0
5 0
6 0
7 0
8 0
35 7 0 0
35 8 0 0
35 9 0 0
35 10 0 0
35 11 0 0
35 12 0 0
35 13 0 0
35 14 1 0
35 15 1 0
0 0
1 0.124035
2 0.248069
3 0.372104
4 0.496139
5 0.620174
6 0.744208
7 0.868243
8 0
35 8 0 0
35 9 0 0
35 10 0 0
35 11 0 0
35 12 0 0
35 13 0 0
35 14 1 0
35 15 2 0.868243
34 16 0 0
0 0
1 0.242536
2 0.485071
3 0.727607
4 0.970143
5 1.21268
6 1.45521
7 0.727607
8 0
35 9 0 0
35 10 0 0
35 11 0 0
35 12 0 0
35 13 0 0
35 14 1 0
35 15 3 1.45521
34 16 0 0
33 17 0 0
0 0
1 0.351123
2 0.702247
3 1.05337
4 1.40449
5 1.75562
6 1.17041
7 0.585206
8 0
35 10 0 0
35 11 0 0
35 12 0 0
35 13 0 0
35 14 1 0
35 15 4 1.75562
34 16 0 0
33 17 0 0
32 18 0 0
0 0
1 0.447214
2 0.894427
3 1.34164
4 1.78885
5 1.34164
6 0.894427
7 0.447214
8 0
35 11 0 0
35 12 0 0
35 13 0 0
35 14 1 0
35 15 5 1.78885
34 16 0 0
33 17 0 0
32 18 0 0
31 19 0 0
0 0
1 0.529999
2 1.06
3 1.59
4 1.272
5 0.953998
6 0.635999
7 0.317999
8 0
35 12 0 0
35 13 0 0
35 14 1 0
35 15 6 1.78885
34 16 0 0
33 17 0 0
32 18 0 0
31 19 0 0
30 20 0 0
0 0
1 0.447214
2 0.894427
3 0.447214
4 0
5 0.447214
6 0.894427
7 1.34164
8 0
35 13 0 0
35 14 1 0
35 15 6 1.78885
34 16 0 0
33 17 0 0
32 18 0 0
31 19 0 0
30 20 1 1.34164
31 21 0 0
0 0
1 0.351123
2 0.234082
3 0.819288
4 1.40449
5 1.9897
6 2.57491
7 1.28745
8 0
35 14 1 0
35 15 6 1.78885
34 16 0 0
33 17 0 0
32 18 0 0
31 19 0 0
30 20 2 2.57491
31 21 0 0
32 22 0 0
0 0
1 0.727607
2 1.45521
3 2.18282
4 2.91043
5 3.63803
6 2.42536
7 1.21268
8 0
35 15 6 1.78885
34 16 0 0
33 17 0 0
32 18 0 0
31 19 0 0
30 20 3 3.63803
31 21 0 0
32 22 0 0
33 23 0 0
0 0
1 1
2 2
3 3
4 4
5 3
6 2
7 1
8 0
34 16 0 0
33 17 0 0
32 18 0 0
31 19 0 0
30 20 4 4
31 21 0 0
32 22 0 0
33 23 0 0
34 24 0 0
0 0
1 1.21268
2 2.42536
3 3.63803
4 2.91043
5 2.18282
6 1.45521
7 0.727607
8 0
33 17 0 0
32 18 0 0
31 19 0 0
30 20 5 4
31 21 0 0
32 22 0 0
33 23 0 0
34 24 0 0
35 25 0 0
0 0
1 1.28745
2 2.57491
3 1.9897
4 1.40449
5 0.819288
6 0.234082
7 0.351123
8 0
32 18 0 0
31 19 0 0
30 20 6 4
31 21 0 0
32 22 0 0
33 23 0 0
34 24 0 0
35 25 0 0
35 26 0 0
0 0
1 1.34164
2 0.894427
3 0.447214
4 0
5 0.447214
6 0.894427
7 0.447214
8 0
31 19 0 0
30 20 7 4
31 21 0 0
32 22 0 0
33 23 0 0
34 24 0 0
35 25 0 0
35 26 0 0
35 27 0 0
0 0
1 0.317999
2 0.635999
3 0.953998
4 1.272
5 1.59
6 1.06
7 0.529999
8 0
30 20 7 4
31 21 0 0
32 22 0 0
33 23 0 0
34 24 0 0
35 25 1 1.59
35 26 0 0
35 27 0 0
35 28 0 0
0 0
1 0.447214
2 0.894427
3 1.34164
4 1.78885
5 1.34164
6 0.894427
7 0.447214
8 0
31 21 0 0
32 22 0 0
33 23 0 0
34 24 0 0
35 25 2 1.78885
35 26 0 0
35 27 0 0
35 28 0 0
35 29 0 0
0 0
1 0.585206
2 1.17041
3 1.75562
4 1.40449
5 1.05337
6 0.702247
7 0.351123
8 0
32 22 0 0
33 23 0 0
34 24 0 0
35 25 3 1.78885
35 26 0 0
35 27 0 0
35 28 0 0
35 29 0 0
35 30 0 0
0 0
1 0.727607
2 1.45521
3 1.21268
4 0.970143
5 0.727607
6 0.485071
7 0.242536
8 0
33 23 0 0
34 24 0 0
35 25 4 1.78885
35 26 0 0
35 27 0 0
35 28 0 0
35 29 0 0
35 30 0 0
35 31 0 0
0 0
1 0.868243
2 0.744208
3 0.620174
4 0.496139
5 0.372104
6 0.248069
7 0.124035
8 0
34 24 0 0
35 25 5 1.78885
35 26 0 0
35 27 0 0
35 28 0 0
35 29 0 0
35 30 0 0
35 31 0 0
35 32 0 0
0 0
1 0
2 0
3 0
4 0
5 0
6 0
7 0
8 0
35 25 5 1.78885
35 26 0 0
35 27 0 0
35 28 0 0
35 29 0 0
35 30 0 0
35 31 0 0
35 32 0 0
35 33 1 0
0 0
1 0
2 0
3 0
4 0
5 0
6 0
7 0
8 0
35 26 0 0
35 27 0 0
35 28 0 0
35 29 0 0
35 30 0 0
35 31 0 0
35 32 0 0
35 33 1 0
35 34 1 0
0 0
1 0
2 0
3 0
4 0
5 0
6 0
7 0
8 0
35 27 0 0
35 28 0 0
35 29 0 0
35 30 0 0
35 31 0 0
35 32 0 0
35 33 1 0
35 34 1 0
35 35 1 0
0 0
1 0.141421
2 0.282843
3 0.424264
4 0.565685
5 0.707107
6 0.848528
7 0.989949
8 0
35 28 0 0
35 29 0 0
35 30 0 0
35 31 0 0
35 32 0 0
35 33 1 0
35 34 1 0
35 35 2 0.989949
34 35 0 0
0 0
1 0.316228
2 0.632456
3 0.948683
4 1.26491
5 1.58114
6 1.89737
7 0.948683
8 0
35 29 0 0
35 30 0 0
35 31 0 0
35 32 0 0
35 33 1 0
35 34 1 0
35 35 3 1.89737
34 35 0 0
33 35 0 0
0 0
1 0.514496
2 1.02899
3 1.54349
4 2.05798
5 2.57248
6 1.71499
7 0.857493
8 0
35 30 0 0
35 31 0 0
35 32 0 0
35 33 1 0
35 34 1 0
35 35 4 2.57248
34 35 0 0
33 35 0 0
32 35 0 0
0 0
1 0.707107
2 1.41421
3 2.12132
4 2.82843
5 2.12132
6 1.41421
7 0.707107
8 0
35 31 0 0
35 32 0 0
35 33 1 0
35 34 1 0
35 35 5 2.82843
34 35 0 0
33 35 0 0
32 35 0 0
31 35 0 0
0 0
1 0.857493
2 1.71499
3 2.57248
4 2.05798
5 1.54349
6 1.02899
7 0.514496
8 0
35 32 0 0
35 33 1 0
35 34 1 0
35 35 6 2.82843
34 35 0 0
33 35 0 0
32 35 0 0
31 35 0 0
30 35 0 0
0 0
1 0.948683
2 1.89737
3 1.58114
4 1.26491
5 0.948683
6 0.632456
7 0.316228
8 0
35 33 1 0
35 34 1 0
35 35 7 2.82843
34 35 0 0
33 35 0 0
32 35 0 0
31 35 0 0
30 35 0 0
29 35 0 0
0 0
1 0.989949
2 0.848528
3 0.707107
4 0.565685
5 0.424264
6 0.282843
7 0.141421
8 0
35 34 1 0
35 35 8 2.82843
34 35 0 0
33 35 0 0
32 35 0 0
31 35 0 0
30 35 0 0
29 35 0 0
28 35 0 0
0 0
1 0
2 0
3 0
4 0
5 0
6 0
7 0
8 0
35 35 8 2.82843
34 35 0 0
33 35 0 0
32 35 0 0
31 35 0 0
30 35 0 0
29 35 0 0
28 35 0 0
27 35 1 0
0 0
1 0
2 0
3 0
4 0
5 0
6 0
7 0
8 0
34 35 0 0
33 35 0 0
32 35 0 0
31 35 0 0
30 35 0 0
29 35 0 0
28 35 0 0
27 35 1 0
26 35 1 0
0 0
1 0
2 0
3 0
4 0
5 0
6 0
7 0
8 0
33 35 0 0
32 35 0 0
31 35 0 0
30 35 0 0
29 35 0 0
28 35 0 0
27 35 1 0
26 35 1 0
25 35 1 0
0 0
1 0
2 0
3 0
4 0
5 0
6 0
7 0
8 0
32 35 0 0
31 35 0 0
30 35 0 0
29 35 0 0
28 35 0 0
27 35 1 0
26 35 1 0
25 35 1 0
24 35 1 0
0 0
1 0
2 0
3 0
4 0
5 0
6 0
7 0
8 0
31 35 0 0
30 35 0 0
29 35 0 0
28 35 0 0
27 35 1 0
26 35 1 0
25 35 1 0
24 35 1 0
23 35 1 0
0 0
1 0
2 0
3 0
4 0
5 0
6 0
7 0
8 0
30 35 0 0
29 35 0 0
28 35 0 0
27 35 1 0
26 35 1 0
25 35 1 0
24 35 1 0
23 35 1 0
22 35 1 0
0 0
1 0
2 0
3 0
4 0
5 0
6 0
7 0
8 0
29 35 0 0
28 35 0 0
27 35 1 0
26 35 1 0
25 35 1 0
24 35 1 0
23 35 1 0
22 35 1 0
21 35 1 0
0 0
1 0
2 0
3 0
4 0
5 0
6 0
7 0
8 0
28 35 0 0
27 35 1 0
26 35 1 0
25 35 1 0
24 35 1 0
23 35 1 0
22 35 1 0
21 35 1 0
20 35 1 0
0 0
1 0
2 0
3 0
4 0
5 0
6 0
7 0
8 0
27 35 1 0
26 35 1 0
25 35 1 0
24 35 1 0
23 35 1 0
22 35 1 0
21 35 1 0
20 35 1 0
19 35 1 0
0 0
1 0
2 0
3 0
4 0
5 0
6 0
7 0
8 0
26 35 1 0
25 35 1 0
24 35 1 0
23 35 1 0
22 35 1 0
21 35 1 0
20 35 1 0
19 35 1 0
18 35 1 0
0 0
1 0
2 0
3 0
4 0
5 0
6 0
7 0
8 0
25 35 1 0
24 35 1 0
23 35 1 0
22 35 1 0
21 35 1 0
20 35 1 0
19 35 1 0
18 35 1 0
17 35 1 0
0 0
1 0
2 0
3 0
4 0
5 0
6 0
7 0
8 0
24 35 1 0
23 35 1 0
22 35 1 0
21 35 1 0
20 35 1 0
19 35 1 0
18 35 1 0
17 35 1 0
16 35 1 0
0 0
1 0
2 0
3 0
4 0
5 0
6 0
7 0
8 0
23 35 1 0
22 35 1 0
21 35 1 0
20 35 1 0
19 35 1 0
18 35 1 0
17 35 1 0
16 35 1 0
15 35 1 0
0 0
1 0
2 0
3 0
4 0
5 0
6 0
7 0
8 0
22 35 1 0
21 35 1 0
20 35 1 0
19 35 1 0
18 35 1 0
17 35 1 0
16 35 1 0
15 35 1 0
14 35 1 0
0 0
1 0
2 0
3 0
4 0
5 0
6 0
7 0
8 0
21 35 1 0
20 35 1 0
19 35 1 0
18 35 1 0
17 35 1 0
16 35 1 0
15 35 1 0
14 35 1 0
13 35 1 0
0 0
1 0
2 0
3 0
4 0
5 0
6 0
7 0
8 0
20 35 1 0
19 35 1 0
18 35 1 0
17 35 1 0
16 35 1 0
15 35 1 0
14 35 1 0
13 35 1 0
12 35 1 0
0 0
1 0
2 0
3 0
4 0
5 0
6 0
7 0
8 0
19 35 1 0
18 35 1 0
17 35 1 0
16 35 1 0
15 35 1 0
14 35 1 0
13 35 1 0
12 35 1 0
11 35 1 0
0 0
1 0.141421
2 0.282843
3 0.424264
4 0.565685
5 0.707107
6 0.848528
7 0.989949
8 0
18 35 1 0
17 35 1 0
16 35 1 0
15 35 1 0
14 35 1 0
13 35 1 0
12 35 1 0
11 35 2 0.989949
11 34 0 0
0 0
1 0.316228
2 0.632456
3 0.948683
4 1.26491
5 1.58114
6 1.89737
7 0.948683
8 0
17 35 1 0
16 35 1 0
15 35 1 0
14 35 1 0
13 35 1 0
12 35 1 0
11 35 3 1.89737
11 34 0 0
11 33 0 0
0 0
1 0.514496
2 1.02899
3 1.54349
4 2.05798
5 2.57248
6 1.71499
7 0.857493
8 0
16 35 1 0
15 35 1 0
14 35 1 0
13 35 1 0
12 35 1 0
11 35 4 2.57248
11 34 0 0
11 33 0 0
11 32 0 0
0 0
1 0.707107
2 1.41421
3 2.12132
4 2.82843
5 2.12132
6 1.41421
7 0.707107
8 0
15 35 1 0
14 35 1 0
13 35 1 0
12 35 1 0
11 35 5 2.82843
11 34 0 0
11 33 0 0
11 32 0 0
11 31 0 0
0 0
1 0.857493
2 1.71499
3 2.57248
4 2.05798
5 1.54349
6 1.02899
7 0.514496
8 0
14 35 1 0
13 35 1 0
12 35 1 0
11 35 6 2.82843
11 34 0 0
11 33 0 0
11 32 0 0
11 31 0 0
11 30 0 0
0 0
1 0.948683
2 1.89737
3 1.58114
4 1.26491
5 0.948683
6 0.632456
7 0.316228
8 0
13 35 1 0
12 35 1 0
11 35 7 2.82843
11 34 0 0
11 33 0 0
11 32 0 0
11 31 0 0
11 30 0 0
11 29 0 0
0 0
1 0.989949
2 0.848528
3 0.707107
4 0.565685
5 0.424264
6 0.282843
7 0.141421
8 0
12 35 1 0
11 35 8 2.82843
11 34 0 0
11 33 0 0
11 32 0 0
11 31 0 0
11 30 0 0
11 29 0 0
11 28 0 0
0 0
1 0
2 0
3 0
4 0
5 0
6 0
7 0
8 0
11 35 8 2.82843
11 34 0 0
11 33 0 0
11 32 0 0
11 31 0 0
11 30 0 0
11 29 0 0
11 28 0 0
11 27 1 0
0 0
1 0
2 0
3 0
4 0
5 0
6 0
7 0
8 0
11 34 0 0
11 33 0 0
11 32 0 0
11 31 0 0
11 30 0 0
11 29 0 0
11 28 0 0
11 27 1 0
11 26 1 0
0 0
1 0
2 0
3 0
4 0
5 0
6 0
7 0
8 0
11 33 0 0
11 32 0 0
11 31 0 0
11 30 0 0
11 29 0 0
11 28 0 0
11 27 1 0
11 26 1 0
11 25 1 0
0 0
1 0.124035
2 0.248069
3 0.372104
4 0.496139
5 0.620174
6 0.744208
7 0.868243
8 0
11 32 0 0
11 31 0 0
11 30 0 0
11 29 0 0
11 28 0 0
11 27 1 0
11 26 1 0
11 25 2 0.868243
10 24 0 0
0 0
1 0.242536
2 0.485071
3 0.727607
4 0.970143
5 1.21268
6 1.45521
7 0.727607
8 0
11 31 0 0
11 30 0 0
11 29 0 0
11 28 0 0
11 27 1 0
11 26 1 0
11 25 3 1.45521
10 24 0 0
9 23 0 0
0 0
1 0.351123
2 0.702247
3 1.05337
4 1.40449
5 1.75562
6 1.17041
7 0.585206
8 0
11 30 0 0
11 29 0 0
11 28 0 0
11 27 1 0
11 26 1 0
11 25 4 1.75562
10 24 0 0
9 23 0 0
8 22 0 0
0 0
1 0.447214
2 0.894427
3 1.34164
4 1.78885
5 1.34164
6 0.894427
7 0.447214
8 0
11 29 0 0
11 28 0 0
11 27 1 0
11 26 1 0
11 25 5 1.78885
10 24 0 0
9 23 0 0
8 22 0 0
7 21 0 0
0 0
1 0.529999
2 1.06
3 1.59
4 1.272
5 0.953998
6 0.635999
7 0.317999
8 0
0 0
1 0.447214
2 0.894427
3 0.447214
4 0
5 0.447214
6 0.894427
7 1.34164
8 0
0 0
1 0.351123
2 0.234082
3 0.819288
4 1.40449
5 1.9897
6 2.57491
7 1.28745
8 0
0 0
1 0.727607
2 1.45521
3 2.18282
4 2.91043
5 3.63803
6 2.42536
7 1.21268
8 0
(6, 20, 3, 3.63803) (7, 19, 0, 0) (8, 18, 0, 0) (9, 17, 0, 0) (10, 16, 0, 0) 
(11, 15, 5, 1.78885) (11, 14, 0, 0) (11, 13, 0, 0) (11, 12, 0, 0) (11, 11, 0, 0) 
(11, 10, 0, 0) (11, 9, 0, 0) (11, 8, 0, 0) (11, 7, 1, 0) (11, 6, 8, 2.82843) 
(12, 6, 0, 0) (13, 6, 0, 0) (14, 6, 0, 0) (15, 6, 0, 0) (16, 6, 0, 0) 
(17, 6, 0, 0) (18, 6, 0, 0) (19, 6, 1, 0) (20, 6, 1, 0) (21, 6, 1, 0) 
(22, 6, 1, 0) (23, 6, 1, 0) (24, 6, 1, 0) (25, 6, 1, 0) (26, 6, 1, 0) 
(27, 6, 1, 0) (28, 6, 1, 0) (29, 6, 1, 0) (30, 6, 1, 0) (31, 6, 1, 0) 
(32, 6, 1, 0) (33, 6, 1, 0) (34, 6, 1, 0) (35, 6, 8, 2.82843) (35, 7, 0, 0) 
(35, 8, 0, 0) (35, 9, 0, 0) (35, 10, 0, 0) (35, 11, 0, 0) (35, 12, 0, 0) 
(35, 13, 0, 0) (35, 14, 1, 0) (35, 15, 6, 1.78885) (34, 16, 0, 0) (33, 17, 0, 0) 
(32, 18, 0, 0) (31, 19, 0, 0) (30, 20, 7, 4) (31, 21, 0, 0) (32, 22, 0, 0) 
(33, 23, 0, 0) (34, 24, 0, 0) (35, 25, 5, 1.78885) (35, 26, 0, 0) (35, 27, 0, 0) 
(35, 28, 0, 0) (35, 29, 0, 0) (35, 30, 0, 0) (35, 31, 0, 0) (35, 32, 0, 0) 
(35, 33, 1, 0) (35, 34, 1, 0) (35, 35, 8, 2.82843) (34, 35, 0, 0) (33, 35, 0, 0) 
(32, 35, 0, 0) (31, 35, 0, 0) (30, 35, 0, 0) (29, 35, 0, 0) (28, 35, 0, 0) 
(27, 35, 1, 0) (26, 35, 1, 0) (25, 35, 1, 0) (24, 35, 1, 0) (23, 35, 1, 0) 
(22, 35, 1, 0) (21, 35, 1, 0) (20, 35, 1, 0) (19, 35, 1, 0) (18, 35, 1, 0) 
(17, 35, 1, 0) (16, 35, 1, 0) (15, 35, 1, 0) (14, 35, 1, 0) (13, 35, 1, 0) 
(12, 35, 1, 0) (11, 35, 8, 2.82843) (11, 34, 0, 0) (11, 33, 0, 0) (11, 32, 0, 0) 
(11, 31, 0, 0) (11, 30, 0, 0) (11, 29, 0, 0) (11, 28, 0, 0) (11, 27, 1, 0) 
(11, 26, 1, 0) (11, 25, 6, 1.78885) (10, 24, 0, 0) (9, 23, 0, 0) (8, 22, 0, 0) 
(7, 21, 0, 0) 