0 0
1 0.128037
2 0.256074
3 0.384111
4 0.512148
5 0.640184
6 0.768221
7 0.128037
8 0.256074
9 0.384111
10 0.256074
11 0.128037
12 0
7 1 0 0
8 2 0 0
9 3 0 0
10 4 0 0
11 5 0 0
12 6 0 0
13 7 1 0.768221
13 8 0 0
14 9 0 0
14 10 0 0
15 11 0 0
16 12 0 0
17 13 0 0
0 0
1 0.128037
2 0.256074
3 0.384111
4 0.512148
5 0.640184
6 0
7 0.128037
8 0.512148
9 0.384111
10 0.256074
11 0.128037
12 0
8 2 0 0
9 3 0 0
10 4 0 0
11 5 0 0
12 6 0 0
13 7 2 0.768221
13 8 0 0
14 9 0 0
14 10 0 0
15 11 0 0
16 12 0 0
17 13 0 0
18 14 0 0
0 0
1 0.2
2 0.4
3 0.6
4 0.8
5 0.2
6 0.4
7 0.2
8 0
9 0.2
10 0.4
11 0.6
12 0
9 3 0 0
10 4 0 0
11 5 0 0
12 6 0 0
13 7 3 0.8
13 8 0 0
14 9 0 0
14 10 0 0
15 11 0 0
16 12 0 0
17 13 0 0
18 14 0 0
18 15 0 0
0 0
1 0.27735
2 0.5547
3 0.83205
4 0.27735
5 0.5547
6 0
7 0.27735
8 0.5547
9 0.83205
10 1.1094
11 0.5547
12 0
10 4 0 0
11 5 0 0
12 6 0 0
13 7 3 0.8
13 8 0 0
14 9 0 0
14 10 0 0
15 11 0 0
16 12 0 0
17 13 0 0
18 14 1 1.1094
18 15 0 0
18 16 0 0
0 0
1 0.359908
2 0.719816
3 0.215945
4 0.575853
5 0.0719816
6 0.431889
7 0.791797
8 1.15171
9 1.51161
10 1.00774
11 0.503871
12 0
11 5 0 0
12 6 0 0
13 7 3 0.8
13 8 0 0
14 9 0 0
14 10 0 0
15 11 0 0
16 12 0 0
17 13 0 0
18 14 2 1.51161
18 15 0 0
18 16 0 0
18 17 0 0
0 0
1 0.447214
2 0
3 0.447214
4 0
5 0.447214
6 0.894427
7 1.34164
8 1.78885
9 1.34164
10 0.894427
11 0.447214
12 0
12 6 0 0
13 7 3 0.8
13 8 0 0
14 9 0 0
14 10 0 0
15 11 0 0
16 12 0 0
17 13 0 0
18 14 3 1.78885
18 15 0 0
18 16 0 0
18 17 0 0
18 18 0 0
0 0
1 0.384615
2 0.153846
3 0.230769
4 0.307692
5 0.846154
6 1.38462
7 1.92308
8 1.53846
9 1.15385
10 0.769231
11 0.384615
12 0
13 7 3 0.8
13 8 0 0
14 9 0 0
14 10 0 0
15 11 0 0
16 12 0 0
17 13 0 0
18 14 4 1.92308
18 15 0 0
18 16 0 0
18 17 0 0
18 18 0 0
18 19 0 0
0 0
1 0.538462
2 0.153846
3 0.692308
4 1.23077
5 1.76923
6 2.30769
7 1.92308
8 1.53846
9 1.15385
10 0.769231
11 0.384615
12 0
13 8 0 0
14 9 0 0
14 10 0 0
15 11 0 0
16 12 0 0
17 13 0 0
18 14 5 2.30769
18 15 0 0
18 16 0 0
18 17 0 0
18 18 0 0
18 19 0 0
18 20 0 0
0 0
1 0.316228
2 0.316228
3 0.948683
4 1.58114
5 2.21359
6 1.89737
7 1.58114
8 1.26491
9 0.948683
10 0.632456
11 0.316228
12 0
14 9 0 0
14 10 0 0
15 11 0 0
16 12 0 0
17 13 0 0
18 14 6 2.30769
18 15 0 0
18 16 0 0
18 17 0 0
18 18 0 0
18 19 0 0
18 20 0 0
18 21 0 0
0 0
1 0.632456
2 1.26491
3 1.89737
4 2.52982
5 2.21359
6 1.89737
7 1.58114
8 1.26491
9 0.948683
10 0.632456
11 0.316228
12 0
14 10 0 0
15 11 0 0
16 12 0 0
17 13 0 0
18 14 7 2.52982
18 15 0 0
18 16 0 0
18 17 0 0
18 18 0 0
18 19 0 0
18 20 0 0
18 21 0 0
18 22 0 0
0 0
1 0.727607
2 1.45521
3 2.18282
4 1.94029
5 1.69775
6 1.45521
7 1.21268
8 0.970143
9 0.727607
10 0.485071
11 0.242536
12 0
15 11 0 0
16 12 0 0
17 13 0 0
18 14 8 2.52982
18 15 0 0
18 16 0 0
18 17 0 0
18 18 0 0
18 19 0 0
18 20 0 0
18 21 0 0
18 22 0 0
18 23 0 0
0 0
1 0.821995
2 1.64399
3 1.47959
4 1.31519
5 1.15079
6 0.986394
7 0.821995
8 0.657596
9 0.493197
10 0.328798
11 0.164399
12 0
16 12 0 0
17 13 0 0
18 14 9 2.52982
18 15 0 0
18 16 0 0
18 17 0 0
18 18 0 0
18 19 0 0
18 20 0 0
18 21 0 0
18 22 0 0
18 23 0 0
18 24 0 0
0 0
1 0.9135
2 0.830455
3 0.747409
4 0.664364
5 0.581318
6 0.498273
7 0.415227
8 0.332182
9 0.249136
10 0.166091
11 0.0830455
12 0
17 13 0 0
18 14 10 2.52982
18 15 0 0
18 16 0 0
18 17 0 0
18 18 0 0
18 19 0 0
18 20 0 0
18 21 0 0
18 22 0 0
18 23 0 0
18 24 0 0
18 25 0 0
0 0
1 0
2 0
3 0
4 0
5 0
6 0
7 0
8 0
9 0
10 0
11 0
12 0
18 14 10 2.52982
18 15 0 0
18 16 0 0
18 17 0 0
18 18 0 0
18 19 0 0
18 20 0 0
18 21 0 0
18 22 0 0
18 23 0 0
18 24 0 0
18 25 0 0
18 26 1 0
0 0
1 0
2 0
3 0
4 0
5 0
6 0
7 0
8 0
9 0
10 0
11 0
12 0
18 15 0 0
18 16 0 0
18 17 0 0
18 18 0 0
18 19 0 0
18 20 0 0
18 21 0 0
18 22 0 0
18 23 0 0
18 24 0 0
18 25 0 0
18 26 1 0
18 27 1 0
0 0
1 0
2 0
3 0
4 0
5 0
6 0
7 0
8 0
9 0
10 0
11 0
12 0
18 16 0 0
18 17 0 0
18 18 0 0
18 19 0 0
18 20 0 0
18 21 0 0
18 22 0 0
18 23 0 0
18 24 0 0
18 25 0 0
18 26 1 0
18 27 1 0
18 28 1 0
0 0
1 0
2 0
3 0
4 0
5 0
6 0
7 0
8 0
9 0
10 0
11 0
12 0
18 17 0 0
18 18 0 0
18 19 0 0
18 20 0 0
18 21 0 0
18 22 0 0
18 23 0 0
18 24 0 0
18 25 0 0
18 26 1 0
18 27 1 0
18 28 1 0
18 29 1 0
0 0
1 0
2 0
3 0
4 0
5 0
6 0
7 0
8 0
9 0
10 0
11 0
12 0
18 18 0 0
18 19 0 0
18 20 0 0
18 21 0 0
18 22 0 0
18 23 0 0
18 24 0 0
18 25 0 0
18 26 1 0
18 27 1 0
18 28 1 0
18 29 1 0
18 30 1 0
0 0
1 0
2 0
3 0
4 0
5 0
6 0
7 0
8 0
9 0
10 0
11 0
12 0
18 19 0 0
18 20 0 0
18 21 0 0
18 22 0 0
18 23 0 0
18 24 0 0
18 25 0 0
18 26 1 0
18 27 1 0
18 28 1 0
18 29 1 0
18 30 1 0
18 31 1 0
0 0
1 0
2 0
3 0
4 0
5 0
6 0
7 0
8 0
9 0
10 0
11 0
12 0
18 20 0 0
18 21 0 0
18 22 0 0
18 23 0 0
18 24 0 0
18 25 0 0
18 26 1 0
18 27 1 0
18 28 1 0
18 29 1 0
18 30 1 0
18 31 1 0
18 32 1 0
0 0
1 0
2 0
3 0
4 0
5 0
6 0
7 0
8 0
9 0
10 0
11 0
12 0
18 21 0 0
18 22 0 0
18 23 0 0
18 24 0 0
18 25 0 0
18 26 1 0
18 27 1 0
18 28 1 0
18 29 1 0
18 30 1 0
18 31 1 0
18 32 1 0
18 33 1 0
0 0
1 0
2 0
3 0
4 0
5 0
6 0
7 0
8 0
9 0
10 0
11 0
12 0
18 22 0 0
18 23 0 0
18 24 0 0
18 25 0 0
18 26 1 0
18 27 1 0
18 28 1 0
18 29 1 0
18 30 1 0
18 31 1 0
18 32 1 0
18 33 1 0
18 34 1 0
0 0
1 0
2 0
3 0
4 0
5 0
6 0
7 0
8 0
9 0
10 0
11 0
12 0
18 23 0 0
18 24 0 0
18 25 0 0
18 26 1 0
18 27 1 0
18 28 1 0
18 29 1 0
18 30 1 0
18 31 1 0
18 32 1 0
18 33 1 0
18 34 1 0
18 35 1 0
0 0
1 0
2 0
3 0
4 0
5 0
6 0
7 0
8 0
9 0
10 0
11 0
12 0
18 24 0 0
18 25 0 0
18 26 1 0
18 27 1 0
18 28 1 0
18 29 1 0
18 30 1 0
18 31 1 0
18 32 1 0
18 33 1 0
18 34 1 0
18 35 1 0
18 36 1 0
0 0
1 0
2 0
3 0
4 0
5 0
6 0
7 0
8 0
9 0
10 0
11 0
12 0
18 25 0 0
18 26 1 0
18 27 1 0
18 28 1 0
18 29 1 0
18 30 1 0
18 31 1 0
18 32 1 0
18 33 1 0
18 34 1 0
18 35 1 0
18 36 1 0
18 37 1 0
0 0
1 0
2 0
3 0
4 0
5 0
6 0
7 0
8 0
9 0
10 0
11 0
12 0
18 26 1 0
18 27 1 0
18 28 1 0
18 29 1 0
18 30 1 0
18 31 1 0
18 32 1 0
18 33 1 0
18 34 1 0
18 35 1 0
18 36 1 0
18 37 1 0
18 38 1 0
0 0
1 0.0995037
2 0.199007
3 0.298511
4 0.398015
5 0.497519
6 0.597022
7 0.696526
8 0.79603
9 0.895533
10 0.995037
11 1.09454
12 0
18 27 1 0
18 28 1 0
18 29 1 0
18 30 1 0
18 31 1 0
18 32 1 0
18 33 1 0
18 34 1 0
18 35 1 0
18 36 1 0
18 37 1 0
18 38 2 1.09454
17 37 0 0
0 0
1 0.242536
2 0.485071
3 0.727607
4 0.970143
5 1.21268
6 1.45521
7 1.69775
8 1.94029
9 2.18282
10 2.42536
11 1.21268
12 0
18 28 1 0
18 29 1 0
18 30 1 0
18 31 1 0
18 32 1 0
18 33 1 0
18 34 1 0
18 35 1 0
18 36 1 0
18 37 1 0
18 38 3 2.42536
17 37 0 0
16 36 0 0
0 0
1 0.447214
2 0.894427
3 1.34164
4 1.78885
5 2.23607
6 2.68328
7 3.1305
8 3.57771
9 4.02492
10 2.68328
11 1.34164
12 0
18 29 1 0
18 30 1 0
18 31 1 0
18 32 1 0
18 33 1 0
18 34 1 0
18 35 1 0
18 36 1 0
18 37 1 0
18 38 4 4.02492
17 37 0 0
16 36 0 0
15 35 0 0
0 0
1 0.707107
2 1.41421
3 2.12132
4 2.82843
5 3.53553
6 4.24264
7 4.94975
8 5.65685
9 4.24264
10 2.82843
11 1.41421
12 0
18 30 1 0
18 31 1 0
18 32 1 0
18 33 1 0
18 34 1 0
18 35 1 0
18 36 1 0
18 37 1 0
18 38 5 5.65685
17 37 0 0
16 36 0 0
15 35 0 0
14 34 0 0
0 0
1 0.928477
2 1.85695
3 2.78543
4 3.71391
5 4.64238
6 5.57086
7 6.49934
8 5.19947
9 3.8996
10 2.59973
11 1.29987
12 0
18 31 1 0
18 32 1 0
18 33 1 0
18 34 1 0
18 35 1 0
18 36 1 0
18 37 1 0
18 38 6 6.49934
17 37 0 0
16 36 0 0
15 35 0 0
14 34 0 0
13 33 0 0
0 0
1 1
2 2
3 3
4 4
5 5
6 6
7 5
8 4
9 3
10 2
11 1
12 0
18 32 1 0
18 33 1 0
18 34 1 0
18 35 1 0
18 36 1 0
18 37 1 0
18 38 7 6.49934
17 37 0 0
16 36 0 0
15 35 0 0
14 34 0 0
13 33 0 0
12 32 0 0
0 0
1 0.961524
2 1.92305
3 2.88457
4 3.8461
5 4.80762
6 4.12082
7 3.43401
8 2.74721
9 2.06041
10 1.37361
11 0.686803
12 0
18 33 1 0
18 34 1 0
18 35 1 0
18 36 1 0
18 37 1 0
18 38 8 6.49934
17 37 0 0
16 36 0 0
15 35 0 0
14 34 0 0
13 33 0 0
12 32 0 0
11 31 0 0
0 0
1 0.894427
2 1.78885
3 2.68328
4 3.57771
5 3.1305
6 2.68328
7 2.23607
8 1.78885
9 1.34164
10 0.894427
11 0.447214
12 0
18 34 1 0
18 35 1 0
18 36 1 0
18 37 1 0
18 38 9 6.49934
17 37 0 0
16 36 0 0
15 35 0 0
14 34 0 0
13 33 0 0
12 32 0 0
11 31 0 0
10 30 0 0
0 0
1 0.83205
2 1.6641
3 2.49615
4 2.2188
5 1.94145
6 1.6641
7 1.38675
8 1.1094
9 0.83205
10 0.5547
11 0.27735
12 0
18 35 1 0
18 36 1 0
18 37 1 0
18 38 10 6.49934
17 37 0 0
16 36 0 0
15 35 0 0
14 34 0 0
13 33 0 0
12 32 0 0
11 31 0 0
10 30 0 0
9 29 0 0
0 0
1 0.780869
2 1.56174
3 1.40556
4 1.24939
5 1.09322
6 0.937043
7 0.780869
8 0.624695
9 0.468521
10 0.312348
11 0.156174
12 0
18 36 1 0
18 37 1 0
18 38 11 6.49934
17 37 0 0
16 36 0 0
15 35 0 0
14 34 0 0
13 33 0 0
12 32 0 0
11 31 0 0
10 30 0 0
9 29 0 0
8 28 0 0
0 0
1 0.73994
2 0.672673
3 0.605406
4 0.538138
5 0.470871
6 0.403604
7 0.336336
8 0.269069
9 0.201802
10 0.134535
11 0.0672673
12 0
18 37 1 0
18 38 12 6.49934
17 37 0 0
16 36 0 0
15 35 0 0
14 34 0 0
13 33 0 0
12 32 0 0
11 31 0 0
10 30 0 0
9 29 0 0
8 28 0 0
7 27 0 0
0 0
1 0.0614295
2 0.122859
3 0.184289
4 0.245718
5 0.307148
6 0.368577
7 0.430007
8 0.491436
9 0.552866
10 0.614295
11 0.675725
12 0
18 38 12 6.49934
17 37 0 0
16 36 0 0
15 35 0 0
14 34 0 0
13 33 0 0
12 32 0 0
11 31 0 0
10 30 0 0
9 29 0 0
8 28 0 0
7 27 1 0.675725
7 26 0 0
0 0
1 0.128037
2 0.256074
3 0.384111
4 0.512148
5 0.640184
6 0.768221
7 0.896258
8 1.0243
9 1.15233
10 1.28037
11 0.640184
12 0
17 37 0 0
16 36 0 0
15 35 0 0
14 34 0 0
13 33 0 0
12 32 0 0
11 31 0 0
10 30 0 0
9 29 0 0
8 28 0 0
7 27 2 1.28037
7 26 0 0
7 25 0 0
0 0
1 0.2
2 0.4
3 0.6
4 0.8
5 1
6 1.2
7 1.4
8 1.6
9 1.8
10 1.2
11 0.6
12 0
16 36 0 0
15 35 0 0
14 34 0 0
13 33 0 0
12 32 0 0
11 31 0 0
10 30 0 0
9 29 0 0
8 28 0 0
7 27 3 1.8
7 26 0 0
7 25 0 0
7 24 0 0
0 0
1 0.27735
2 0.5547
3 0.83205
4 1.1094
5 1.38675
6 1.6641
7 1.94145
8 2.2188
9 1.6641
10 1.1094
11 0.5547
12 0
15 35 0 0
14 34 0 0
13 33 0 0
12 32 0 0
11 31 0 0
10 30 0 0
9 29 0 0
8 28 0 0
7 27 4 2.2188
7 26 0 0
7 25 0 0
7 24 0 0
7 23 0 0
0 0
1 0.359908
2 0.719816
3 1.07972
4 1.43963
5 1.79954
6 2.15945
7 2.51936
8 2.01548
9 1.51161
10 1.00774
11 0.503871
12 0
14 34 0 0
13 33 0 0
12 32 0 0
11 31 0 0
10 30 0 0
9 29 0 0
8 28 0 0
7 27 5 2.51936
7 26 0 0
7 25 0 0
7 24 0 0
7 23 0 0
7 22 0 0
0 0
1 0.447214
2 0.894427
3 1.34164
4 1.78885
5 2.23607
6 2.68328
7 2.23607
8 1.78885
9 1.34164
10 0.894427
11 0.447214
12 0
13 33 0 0
12 32 0 0
11 31 0 0
10 30 0 0
9 29 0 0
8 28 0 0
7 27 6 2.68328
7 26 0 0
7 25 0 0
7 24 0 0
7 23 0 0
7 22 0 0
7 21 0 0
0 0
1 0.538462
2 1.07692
3 1.61538
4 2.15385
5 2.69231
6 2.30769
7 1.92308
8 1.53846
9 1.15385
10 0.769231
11 0.384615
12 0
12 32 0 0
11 31 0 0
10 30 0 0
9 29 0 0
8 28 0 0
7 27 7 2.69231
7 26 0 0
7 25 0 0
7 24 0 0
7 23 0 0
7 22 0 0
7 21 0 0
7 20 0 0
0 0
1 0.632456
2 1.26491
3 1.89737
4 2.52982
5 2.21359
6 1.89737
7 1.58114
8 1.26491
9 0.948683
10 0.632456
11 0.316228
12 0
11 31 0 0
10 30 0 0
9 29 0 0
8 28 0 0
7 27 8 2.69231
7 26 0 0
7 25 0 0
7 24 0 0
7 23 0 0
7 22 0 0
7 21 0 0
7 20 0 0
7 19 0 0
0 0
1 0.727607
2 1.45521
3 2.18282
4 1.94029
5 1.69775
6 1.45521
7 1.21268
8 0.970143
9 0.727607
10 0.485071
11 0.242536
12 0
10 30 0 0
9 29 0 0
8 28 0 0
7 27 9 2.69231
7 26 0 0
7 25 0 0
7 24 0 0
7 23 0 0
7 22 0 0
7 21 0 0
7 20 0 0
7 19 0 0
7 18 0 0
0 0
1 0.821995
2 1.64399
3 1.47959
4 1.31519
5 1.15079
6 0.986394
7 0.821995
8 0.657596
9 0.493197
10 0.328798
11 0.164399
12 0
9 29 0 0
8 28 0 0
7 27 10 2.69231
7 26 0 0
7 25 0 0
7 24 0 0
7 23 0 0
7 22 0 0
7 21 0 0
7 20 0 0
7 19 0 0
7 18 0 0
7 17 0 0
0 0
1 0.9135
2 0.830455
3 0.747409
4 0.664364
5 0.581318
6 0.498273
7 0.415227
8 0.332182
9 0.249136
10 0.166091
11 0.0830455
12 0
8 28 0 0
7 27 11 2.69231
7 26 0 0
7 25 0 0
7 24 0 0
7 23 0 0
7 22 0 0
7 21 0 0
7 20 0 0
7 19 0 0
7 18 0 0
7 17 0 0
7 16 0 0
0 0
1 0
2 0
3 0
4 0
5 0
6 0
7 0
8 0
9 0
10 0
11 0
12 0
7 27 11 2.69231
7 26 0 0
7 25 0 0
7 24 0 0
7 23 0 0
7 22 0 0
7 21 0 0
7 20 0 0
7 19 0 0
7 18 0 0
7 17 0 0
7 16 0 0
7 15 1 0
0 0
1 0
2 0
3 0
4 0
5 0
6 0
7 0
8 0
9 0
10 0
11 0
12 0
7 26 0 0
7 25 0 0
7 24 0 0
7 23 0 0
7 22 0 0
7 21 0 0
7 20 0 0
7 19 0 0
7 18 0 0
7 17 0 0
7 16 0 0
7 15 1 0
7 14 1 0
0 0
1 0
2 0
3 0
4 0
5 0
6 0
7 0
8 0
9 0
10 0
11 0
12 0
7 25 0 0
7 24 0 0
7 23 0 0
7 22 0 0
7 21 0 0
7 20 0 0
7 19 0 0
7 18 0 0
7 17 0 0
7 16 0 0
7 15 1 0
7 14 1 0
7 13 1 0
0 0
1 0
2 0
3 0
4 0
5 0
6 0
7 0
8 0
9 0
10 0
11 0
12 0
7 24 0 0
7 23 0 0
7 22 0 0
7 21 0 0
7 20 0 0
7 19 0 0
7 18 0 0
7 17 0 0
7 16 0 0
7 15 1 0
7 14 1 0
7 13 1 0
7 12 1 0
0 0
1 0
2 0
3 0
4 0
5 0
6 0
7 0
8 0
9 0
10 0
11 0
12 0
7 23 0 0
7 22 0 0
7 21 0 0
7 20 0 0
7 19 0 0
7 18 0 0
7 17 0 0
7 16 0 0
7 15 1 0
7 14 1 0
7 13 1 0
7 12 1 0
7 11 1 0
0 0
1 0
2 0
3 0
4 0
5 0
6 0
7 0
8 0
9 0
10 0
11 0
12 0
7 22 0 0
7 21 0 0
7 20 0 0
7 19 0 0
7 18 0 0
7 17 0 0
7 16 0 0
7 15 1 0
7 14 1 0
7 13 1 0
7 12 1 0
7 11 1 0
7 10 1 0
0 0
1 0
2 0
3 0
4 0
5 0
6 0
7 0
8 0
9 0
10 0
11 0
12 0
7 21 0 0
7 20 0 0
7 19 0 0
7 18 0 0
7 17 0 0
7 16 0 0
7 15 1 0
7 14 1 0
7 13 1 0
7 12 1 0
7 11 1 0
7 10 1 0
7 9 1 0
0 0
1 0
2 0
3 0
4 0
5 0
6 0
7 0
8 0
9 0
10 0
11 0
12 0
7 20 0 0
7 19 0 0
7 18 0 0
7 17 0 0
7 16 0 0
7 15 1 0
7 14 1 0
7 13 1 0
7 12 1 0
7 11 1 0
7 10 1 0
7 9 1 0
7 8 1 0
0 0
1 0
2 0
3 0
4 0
5 0
6 0
7 0
8 0
9 0
10 0
11 0
12 0
7 19 0 0
7 18 0 0
7 17 0 0
7 16 0 0
7 15 1 0
7 14 1 0
7 13 1 0
7 12 1 0
7 11 1 0
7 10 1 0
7 9 1 0
7 8 1 0
7 7 1 0
0 0
1 0
2 0
3 0
4 0
5 0
6 0
7 0
8 0
9 0
10 0
11 0
12 0
7 18 0 0
7 17 0 0
7 16 0 0
7 15 1 0
7 14 1 0
7 13 1 0
7 12 1 0
7 11 1 0
7 10 1 0
7 9 1 0
7 8 1 0
7 7 1 0
7 6 1 0
0 0
1 0
2 0
3 0
4 0
5 0
6 0
7 0
8 0
9 0
10 0
11 0
12 0
7 17 0 0
7 16 0 0
7 15 1 0
7 14 1 0
7 13 1 0
7 12 1 0
7 11 1 0
7 10 1 0
7 9 1 0
7 8 1 0
7 7 1 0
7 6 1 0
7 5 1 0
0 0
1 0
2 0
3 0
4 0
5 0
6 0
7 0
8 0
9 0
10 0
11 0
12 0
7 16 0 0
7 15 1 0
7 14 1 0
7 13 1 0
7 12 1 0
7 11 1 0
7 10 1 0
7 9 1 0
7 8 1 0
7 7 1 0
7 6 1 0
7 5 1 0
7 4 1 0
0 0
1 0
2 0
3 0
4 0
5 0
6 0
7 0
8 0
9 0
10 0
11 0
12 0
7 15 1 0
7 14 1 0
7 13 1 0
7 12 1 0
7 11 1 0
7 10 1 0
7 9 1 0
7 8 1 0
7 7 1 0
7 6 1 0
7 5 1 0
7 4 1 0
7 3 1 0
0 0
1 0
2 0
3 0
4 0
5 0
6 0
7 0
8 0
9 0
10 0
11 0
12 0
7 14 1 0
7 13 1 0
7 12 1 0
7 11 1 0
7 10 1 0
7 9 1 0
7 8 1 0
7 7 1 0
7 6 1 0
7 5 1 0
7 4 1 0
7 3 1 0
7 2 1 0
0 0
1 0
2 0
3 0
4 0
5 0
6 0
7 0
8 0
9 0
10 0
11 0
12 0
0 0
1 0.0995037
2 0.199007
3 0.298511
4 0.398015
5 0.497519
6 0.597022
7 0.696526
8 0.79603
9 0.895533
10 0.995037
11 1.09454
12 0
0 0
1 0.242536
2 0.485071
3 0.727607
4 0.970143
5 1.21268
6 1.45521
7 1.69775
8 1.94029
9 2.18282
10 2.42536
11 1.21268
12 0
0 0
1 0.447214
2 0.894427
3 1.34164
4 1.78885
5 2.23607
6 2.68328
7 3.1305
8 3.57771
9 4.02492
10 2.68328
11 1.34164
12 0
0 0
1 0.707107
2 1.41421
3 2.12132
4 2.82843
5 3.53553
6 4.24264
7 4.94975
8 5.65685
9 4.24264
10 2.82843
11 1.41421
12 0
0 0
1 0.928477
2 1.85695
3 2.78543
4 3.71391
5 4.64238
6 5.57086
7 6.49934
8 5.19947
9 3.8996
10 2.59973
11 1.29987
12 0
(7, 1, 6, 6.49934) (8, 2, 0, 0) (9, 3, 0, 0) (10, 4, 0, 0) (11, 5, 0, 0) 
(12, 6, 0, 0) (13, 7, 3, 0.8) (13, 8, 0, 0) (14, 9, 0, 0) (14, 10, 0, 0) 
(15, 11, 0, 0) (16, 12, 0, 0) (17, 13, 0, 0) (18, 14, 10, 2.52982) (18, 15, 0, 0) 
(18, 16, 0, 0) (18, 17, 0, 0) (18, 18, 0, 0) (18, 19, 0, 0) (18, 20, 0, 0) 
(18, 21, 0, 0) (18, 22, 0, 0) (18, 23, 0, 0) (18, 24, 0, 0) (18, 25, 0, 0) 
(18, 26, 1, 0) (18, 27, 1, 0) (18, 28, 1, 0) (18, 29, 1, 0) (18, 30, 1, 0) 
(18, 31, 1, 0) (18, 32, 1, 0) (18, 33, 1, 0) (18, 34, 1, 0) (18, 35, 1, 0) 
(18, 36, 1, 0) (18, 37, 1, 0) (18, 38, 12, 6.49934) (17, 37, 0, 0) (16, 36, 0, 0) 
(15, 35, 0, 0) (14, 34, 0, 0) (13, 33, 0, 0) (12, 32, 0, 0) (11, 31, 0, 0) 
(10, 30, 0, 0) (9, 29, 0, 0) (8, 28, 0, 0) (7, 27, 11, 2.69231) (7, 26, 0, 0) 
(7, 25, 0, 0) (7, 24, 0, 0) (7, 23, 0, 0) (7, 22, 0, 0) (7, 21, 0, 0) 
(7, 20, 0, 0) (7, 19, 0, 0) (7, 18, 0, 0) (7, 17, 0, 0) (7, 16, 0, 0) 
(7, 15, 1, 0) (7, 14, 1, 0) (7, 13, 1, 0) (7, 12, 1, 0) (7, 11, 1, 0) 
(7, 10, 1, 0) (7, 9, 1, 0) (7, 8, 1, 0) (7, 7, 1, 0) (7, 6, 1, 0) 
(7, 5, 1, 0) (7, 4, 1, 0) (7, 3, 1, 0) (7, 2, 1, 0) 