0 0
1 0.156174
2 0.312348
3 0.468521
4 0.624695
5 0.780869
6 0.937043
7 0.312348
8 0.468521
9 0.156174
10 0
7 1 0 0
8 2 0 0
9 3 0 0
10 4 0 0
11 5 0 0
12 6 0 0
13 7 1 0.937043
13 8 0 0
14 9 0 0
14 10 0 0
15 11 0 0
0 0
1 0.156174
2 0.312348
3 0.468521
4 0.624695
5 0.780869
6 0.156174
7 0.312348
8 0.312348
9 0.156174
10 0
8 2 0 0
9 3 0 0
10 4 0 0
11 5 0 0
12 6 0 0
13 7 2 0.937043
13 8 0 0
14 9 0 0
14 10 0 0
15 11 0 0
16 12 0 0
0 0
1 0.156174
2 0.312348
3 0.468521
4 0.624695
5 0
6 0.156174
7 0.468521
8 0.312348
9 0.156174
10 0
9 3 0 0
10 4 0 0
11 5 0 0
12 6 0 0
13 7 3 0.937043
13 8 0 0
14 9 0 0
14 10 0 0
15 11 0 0
16 12 0 0
17 13 0 0
0 0
1 0.156174
2 0.312348
3 0.468521
4 0.156174
5 0
6 0.624695
7 0.468521
8 0.312348
9 0.156174
10 0
10 4 0 0
11 5 0 0
12 6 0 0
13 7 3 0.937043
13 8 0 0
14 9 0 0
14 10 1 0.624695
15 11 0 0
16 12 0 0
17 13 0 0
18 14 0 0
0 0
1 0.24577
2 0.491539
3 0.0819232
4 0.163846
5 0.409616
6 0.163846
7 0.0819232
8 0.327693
9 0.573462
10 0
11 5 0 0
12 6 0 0
13 7 3 0.937043
13 8 0 0
14 9 0 0
14 10 1 0.624695
15 11 0 0
16 12 0 0
17 13 0 0
18 14 1 0.573462
18 15 0 0
0 0
1 0.342997
2 0.171499
3 0.171499
4 0.342997
5 0
6 0.342997
7 0.685994
8 1.02899
9 0.514496
10 0
12 6 0 0
13 7 3 0.937043
13 8 0 0
14 9 0 0
14 10 1 0.624695
15 11 0 0
16 12 0 0
17 13 0 0
18 14 2 1.02899
18 15 0 0
18 16 0 0
0 0
1 0.447214
2 0
3 0.447214
4 0
5 0.447214
6 0.894427
7 1.34164
8 0.894427
9 0.447214
10 0
13 7 3 0.937043
13 8 0 0
14 9 0 0
14 10 1 0.624695
15 11 0 0
16 12 0 0
17 13 0 0
18 14 3 1.34164
18 15 0 0
18 16 0 0
18 17 0 0
0 0
1 0.447214
2 0
3 0.447214
4 0.894427
5 1.34164
6 1.78885
7 1.34164
8 0.894427
9 0.447214
10 0
13 8 0 0
14 9 0 0
14 10 1 0.624695
15 11 0 0
16 12 0 0
17 13 0 0
18 14 4 1.78885
18 15 0 0
18 16 0 0
18 17 0 0
18 18 0 0
0 0
1 0.371391
2 0.185695
3 0.742781
4 1.29987
5 1.85695
6 1.48556
7 1.11417
8 0.742781
9 0.371391
10 0
14 9 0 0
14 10 1 0.624695
15 11 0 0
16 12 0 0
17 13 0 0
18 14 5 1.85695
18 15 0 0
18 16 0 0
18 17 0 0
18 18 0 0
18 19 0 0
0 0
1 0.557086
2 1.11417
3 1.67126
4 2.22834
5 1.85695
6 1.48556
7 1.11417
8 0.742781
9 0.371391
10 0
14 10 1 0.624695
15 11 0 0
16 12 0 0
17 13 0 0
18 14 6 2.22834
18 15 0 0
18 16 0 0
18 17 0 0
18 18 0 0
18 19 0 0
18 20 0 0
0 0
1 0.670478
2 1.34096
3 2.01144
4 1.72409
5 1.43674
6 1.14939
7 0.862044
8 0.574696
9 0.287348
10 0
15 11 0 0
16 12 0 0
17 13 0 0
18 14 7 2.22834
18 15 0 0
18 16 0 0
18 17 0 0
18 18 0 0
18 19 0 0
18 20 0 0
18 21 0 0
0 0
1 0.784465
2 1.56893
3 1.37281
4 1.1767
5 0.980581
6 0.784465
7 0.588348
8 0.392232
9 0.196116
10 0
16 12 0 0
17 13 0 0
18 14 8 2.22834
18 15 0 0
18 16 0 0
18 17 0 0
18 18 0 0
18 19 0 0
18 20 0 0
18 21 0 0
18 22 0 0
0 0
1 0.895533
2 0.79603
3 0.696526
4 0.597022
5 0.497519
6 0.398015
7 0.298511
8 0.199007
9 0.0995037
10 0
17 13 0 0
18 14 9 2.22834
18 15 0 0
18 16 0 0
18 17 0 0
18 18 0 0
18 19 0 0
18 20 0 0
18 21 0 0
18 22 0 0
18 23 0 0
0 0
1 0
2 0
3 0
4 0
5 0
6 0
7 0
8 0
9 0
10 0
18 14 9 2.22834
18 15 0 0
18 16 0 0
18 17 0 0
18 18 0 0
18 19 0 0
18 20 0 0
18 21 0 0
18 22 0 0
18 23 0 0
18 24 1 0
0 0
1 0
2 0
3 0
4 0
5 0
6 0
7 0
8 0
9 0
10 0
18 15 0 0
18 16 0 0
18 17 0 0
18 18 0 0
18 19 0 0
18 20 0 0
18 21 0 0
18 22 0 0
18 23 0 0
18 24 1 0
18 25 1 0
0 0
1 0
2 0
3 0
4 0
5 0
6 0
7 0
8 0
9 0
10 0
18 16 0 0
18 17 0 0
18 18 0 0
18 19 0 0
18 20 0 0
18 21 0 0
18 22 0 0
18 23 0 0
18 24 1 0
18 25 1 0
18 26 1 0
0 0
1 0
2 0
3 0
4 0
5 0
6 0
7 0
8 0
9 0
10 0
18 17 0 0
18 18 0 0
18 19 0 0
18 20 0 0
18 21 0 0
18 22 0 0
18 23 0 0
18 24 1 0
18 25 1 0
18 26 1 0
18 27 1 0
0 0
1 0
2 0
3 0
4 0
5 0
6 0
7 0
8 0
9 0
10 0
18 18 0 0
18 19 0 0
18 20 0 0
18 21 0 0
18 22 0 0
18 23 0 0
18 24 1 0
18 25 1 0
18 26 1 0
18 27 1 0
18 28 1 0
0 0
1 0
2 0
3 0
4 0
5 0
6 0
7 0
8 0
9 0
10 0
18 19 0 0
18 20 0 0
18 21 0 0
18 22 0 0
18 23 0 0
18 24 1 0
18 25 1 0
18 26 1 0
18 27 1 0
18 28 1 0
18 29 1 0
0 0
1 0
2 0
3 0
4 0
5 0
6 0
7 0
8 0
9 0
10 0
18 20 0 0
18 21 0 0
18 22 0 0
18 23 0 0
18 24 1 0
18 25 1 0
18 26 1 0
18 27 1 0
18 28 1 0
18 29 1 0
18 30 1 0
0 0
1 0
2 0
3 0
4 0
5 0
6 0
7 0
8 0
9 0
10 0
18 21 0 0
18 22 0 0
18 23 0 0
18 24 1 0
18 25 1 0
18 26 1 0
18 27 1 0
18 28 1 0
18 29 1 0
18 30 1 0
18 31 1 0
0 0
1 0
2 0
3 0
4 0
5 0
6 0
7 0
8 0
9 0
10 0
18 22 0 0
18 23 0 0
18 24 1 0
18 25 1 0
18 26 1 0
18 27 1 0
18 28 1 0
18 29 1 0
18 30 1 0
18 31 1 0
18 32 1 0
0 0
1 0
2 0
3 0
4 0
5 0
6 0
7 0
8 0
9 0
10 0
18 23 0 0
18 24 1 0
18 25 1 0
18 26 1 0
18 27 1 0
18 28 1 0
18 29 1 0
18 30 1 0
18 31 1 0
18 32 1 0
18 33 1 0
0 0
1 0
2 0
3 0
4 0
5 0
6 0
7 0
8 0
9 0
10 0
18 24 1 0
18 25 1 0
18 26 1 0
18 27 1 0
18 28 1 0
18 29 1 0
18 30 1 0
18 31 1 0
18 32 1 0
18 33 1 0
18 34 1 0
0 0
1 0
2 0
3 0
4 0
5 0
6 0
7 0
8 0
9 0
10 0
18 25 1 0
18 26 1 0
18 27 1 0
18 28 1 0
18 29 1 0
18 30 1 0
18 31 1 0
18 32 1 0
18 33 1 0
18 34 1 0
18 35 1 0
0 0
1 0
2 0
3 0
4 0
5 0
6 0
7 0
8 0
9 0
10 0
18 26 1 0
18 27 1 0
18 28 1 0
18 29 1 0
18 30 1 0
18 31 1 0
18 32 1 0
18 33 1 0
18 34 1 0
18 35 1 0
18 36 1 0
0 0
1 0
2 0
3 0
4 0
5 0
6 0
7 0
8 0
9 0
10 0
18 27 1 0
18 28 1 0
18 29 1 0
18 30 1 0
18 31 1 0
18 32 1 0
18 33 1 0
18 34 1 0
18 35 1 0
18 36 1 0
18 37 1 0
0 0
1 0
2 0
3 0
4 0
5 0
6 0
7 0
8 0
9 0
10 0
18 28 1 0
18 29 1 0
18 30 1 0
18 31 1 0
18 32 1 0
18 33 1 0
18 34 1 0
18 35 1 0
18 36 1 0
18 37 1 0
18 38 1 0
0 0
1 0.124035
2 0.248069
3 0.372104
4 0.496139
5 0.620174
6 0.744208
7 0.868243
8 0.992278
9 1.11631
10 0
18 29 1 0
18 30 1 0
18 31 1 0
18 32 1 0
18 33 1 0
18 34 1 0
18 35 1 0
18 36 1 0
18 37 1 0
18 38 2 1.11631
17 37 0 0
0 0
1 0.316228
2 0.632456
3 0.948683
4 1.26491
5 1.58114
6 1.89737
7 2.21359
8 2.52982
9 1.26491
10 0
18 30 1 0
18 31 1 0
18 32 1 0
18 33 1 0
18 34 1 0
18 35 1 0
18 36 1 0
18 37 1 0
18 38 3 2.52982
17 37 0 0
16 36 0 0
0 0
1 0.6
2 1.2
3 1.8
4 2.4
5 3
6 3.6
7 4.2
8 2.8
9 1.4
10 0
18 31 1 0
18 32 1 0
18 33 1 0
18 34 1 0
18 35 1 0
18 36 1 0
18 37 1 0
18 38 4 4.2
17 37 0 0
16 36 0 0
15 35 0 0
0 0
1 0.894427
2 1.78885
3 2.68328
4 3.57771
5 4.47214
6 5.36656
7 4.02492
8 2.68328
9 1.34164
10 0
18 32 1 0
18 33 1 0
18 34 1 0
18 35 1 0
18 36 1 0
18 37 1 0
18 38 5 5.36656
17 37 0 0
16 36 0 0
15 35 0 0
14 34 0 0
0 0
1 1
2 2
3 3
4 4
5 5
6 4
7 3
8 2
9 1
10 0
18 33 1 0
18 34 1 0
18 35 1 0
18 36 1 0
18 37 1 0
18 38 6 5.36656
17 37 0 0
16 36 0 0
15 35 0 0
14 34 0 0
13 33 0 0
0 0
1 0.948683
2 1.89737
3 2.84605
4 3.79473
5 3.16228
6 2.52982
7 1.89737
8 1.26491
9 0.632456
10 0
18 34 1 0
18 35 1 0
18 36 1 0
18 37 1 0
18 38 7 5.36656
17 37 0 0
16 36 0 0
15 35 0 0
14 34 0 0
13 33 0 0
12 32 0 0
0 0
1 0.868243
2 1.73649
3 2.60473
4 2.23263
5 1.86052
6 1.48842
7 1.11631
8 0.744208
9 0.372104
10 0
18 35 1 0
18 36 1 0
18 37 1 0
18 38 8 5.36656
17 37 0 0
16 36 0 0
15 35 0 0
14 34 0 0
13 33 0 0
12 32 0 0
11 31 0 0
0 0
1 0.8
2 1.6
3 1.4
4 1.2
5 1
6 0.8
7 0.6
8 0.4
9 0.2
10 0
18 36 1 0
18 37 1 0
18 38 9 5.36656
17 37 0 0
16 36 0 0
15 35 0 0
14 34 0 0
13 33 0 0
12 32 0 0
11 31 0 0
10 30 0 0
0 0
1 0.747409
2 0.664364
3 0.581318
4 0.498273
5 0.415227
6 0.332182
7 0.249136
8 0.166091
9 0.0830455
10 0
18 37 1 0
18 38 10 5.36656
17 37 0 0
16 36 0 0
15 35 0 0
14 34 0 0
13 33 0 0
12 32 0 0
11 31 0 0
10 30 0 0
9 29 0 0
0 0
1 0
2 0
3 0
4 0
5 0
6 0
7 0
8 0
9 0
10 0
18 38 10 5.36656
17 37 0 0
16 36 0 0
15 35 0 0
14 34 0 0
13 33 0 0
12 32 0 0
11 31 0 0
10 30 0 0
9 29 0 0
8 28 1 0
0 0
1 0
2 0
3 0
4 0
5 0
6 0
7 0
8 0
9 0
10 0
17 37 0 0
16 36 0 0
15 35 0 0
14 34 0 0
13 33 0 0
12 32 0 0
11 31 0 0
10 30 0 0
9 29 0 0
8 28 1 0
7 27 1 0
0 0
1 0.0743294
2 0.148659
3 0.222988
4 0.297318
5 0.371647
6 0.445976
7 0.520306
8 0.594635
9 0.668965
10 0
16 36 0 0
15 35 0 0
14 34 0 0
13 33 0 0
12 32 0 0
11 31 0 0
10 30 0 0
9 29 0 0
8 28 1 0
7 27 2 0.668965
7 26 0 0
0 0
1 0.156174
2 0.312348
3 0.468521
4 0.624695
5 0.780869
6 0.937043
7 1.09322
8 1.24939
9 0.624695
10 0
15 35 0 0
14 34 0 0
13 33 0 0
12 32 0 0
11 31 0 0
10 30 0 0
9 29 0 0
8 28 1 0
7 27 3 1.24939
7 26 0 0
7 25 0 0
0 0
1 0.24577
2 0.491539
3 0.737309
4 0.983078
5 1.22885
6 1.47462
7 1.72039
8 1.14692
9 0.573462
10 0
14 34 0 0
13 33 0 0
12 32 0 0
11 31 0 0
10 30 0 0
9 29 0 0
8 28 1 0
7 27 4 1.72039
7 26 0 0
7 25 0 0
7 24 0 0
0 0
1 0.342997
2 0.685994
3 1.02899
4 1.37199
5 1.71499
6 2.05798
7 1.54349
8 1.02899
9 0.514496
10 0
13 33 0 0
12 32 0 0
11 31 0 0
10 30 0 0
9 29 0 0
8 28 1 0
7 27 5 2.05798
7 26 0 0
7 25 0 0
7 24 0 0
7 23 0 0
0 0
1 0.447214
2 0.894427
3 1.34164
4 1.78885
5 2.23607
6 1.78885
7 1.34164
8 0.894427
9 0.447214
10 0
12 32 0 0
11 31 0 0
10 30 0 0
9 29 0 0
8 28 1 0
7 27 6 2.23607
7 26 0 0
7 25 0 0
7 24 0 0
7 23 0 0
7 22 0 0
0 0
1 0.557086
2 1.11417
3 1.67126
4 2.22834
5 1.85695
6 1.48556
7 1.11417
8 0.742781
9 0.371391
10 0
11 31 0 0
10 30 0 0
9 29 0 0
8 28 1 0
7 27 7 2.23607
7 26 0 0
7 25 0 0
7 24 0 0
7 23 0 0
7 22 0 0
7 21 0 0
0 0
1 0.670478
2 1.34096
3 2.01144
4 1.72409
5 1.43674
6 1.14939
7 0.862044
8 0.574696
9 0.287348
10 0
10 30 0 0
9 29 0 0
8 28 1 0
7 27 8 2.23607
7 26 0 0
7 25 0 0
7 24 0 0
7 23 0 0
7 22 0 0
7 21 0 0
7 20 0 0
0 0
1 0.784465
2 1.56893
3 1.37281
4 1.1767
5 0.980581
6 0.784465
7 0.588348
8 0.392232
9 0.196116
10 0
9 29 0 0
8 28 1 0
7 27 9 2.23607
7 26 0 0
7 25 0 0
7 24 0 0
7 23 0 0
7 22 0 0
7 21 0 0
7 20 0 0
7 19 0 0
0 0
1 0.895533
2 0.79603
3 0.696526
4 0.597022
5 0.497519
6 0.398015
7 0.298511
8 0.199007
9 0.0995037
10 0
8 28 1 0
7 27 10 2.23607
7 26 0 0
7 25 0 0
7 24 0 0
7 23 0 0
7 22 0 0
7 21 0 0
7 20 0 0
7 19 0 0
7 18 0 0
0 0
1 0
2 0
3 0
4 0
5 0
6 0
7 0
8 0
9 0
10 0
7 27 10 2.23607
7 26 0 0
7 25 0 0
7 24 0 0
7 23 0 0
7 22 0 0
7 21 0 0
7 20 0 0
7 19 0 0
7 18 0 0
7 17 1 0
0 0
1 0
2 0
3 0
4 0
5 0
6 0
7 0
8 0
9 0
10 0
7 26 0 0
7 25 0 0
7 24 0 0
7 23 0 0
7 22 0 0
7 21 0 0
7 20 0 0
7 19 0 0
7 18 0 0
7 17 1 0
7 16 1 0
0 0
1 0
2 0
3 0
4 0
5 0
6 0
7 0
8 0
9 0
10 0
7 25 0 0
7 24 0 0
7 23 0 0
7 22 0 0
7 21 0 0
7 20 0 0
7 19 0 0
7 18 0 0
7 17 1 0
7 16 1 0
7 15 1 0
0 0
1 0
2 0
3 0
4 0
5 0
6 0
7 0
8 0
9 0
10 0
7 24 0 0
7 23 0 0
7 22 0 0
7 21 0 0
7 20 0 0
7 19 0 0
7 18 0 0
7 17 1 0
7 16 1 0
7 15 1 0
7 14 1 0
0 0
1 0
2 0
3 0
4 0
5 0
6 0
7 0
8 0
9 0
10 0
7 23 0 0
7 22 0 0
7 21 0 0
7 20 0 0
7 19 0 0
7 18 0 0
7 17 1 0
7 16 1 0
7 15 1 0
7 14 1 0
7 13 1 0
0 0
1 0
2 0
3 0
4 0
5 0
6 0
7 0
8 0
9 0
10 0
7 22 0 0
7 21 0 0
7 20 0 0
7 19 0 0
7 18 0 0
7 17 1 0
7 16 1 0
7 15 1 0
7 14 1 0
7 13 1 0
7 12 1 0
0 0
1 0
2 0
3 0
4 0
5 0
6 0
7 0
8 0
9 0
10 0
7 21 0 0
7 20 0 0
7 19 0 0
7 18 0 0
7 17 1 0
7 16 1 0
7 15 1 0
7 14 1 0
7 13 1 0
7 12 1 0
7 11 1 0
0 0
1 0
2 0
3 0
4 0
5 0
6 0
7 0
8 0
9 0
10 0
7 20 0 0
7 19 0 0
7 18 0 0
7 17 1 0
7 16 1 0
7 15 1 0
7 14 1 0
7 13 1 0
7 12 1 0
7 11 1 0
7 10 1 0
0 0
1 0
2 0
3 0
4 0
5 0
6 0
7 0
8 0
9 0
10 0
7 19 0 0
7 18 0 0
7 17 1 0
7 16 1 0
7 15 1 0
7 14 1 0
7 13 1 0
7 12 1 0
7 11 1 0
7 10 1 0
7 9 1 0
0 0
1 0
2 0
3 0
4 0
5 0
6 0
7 0
8 0
9 0
10 0
7 18 0 0
7 17 1 0
7 16 1 0
7 15 1 0
7 14 1 0
7 13 1 0
7 12 1 0
7 11 1 0
7 10 1 0
7 9 1 0
7 8 1 0
0 0
1 0
2 0
3 0
4 0
5 0
6 0
7 0
8 0
9 0
10 0
7 17 1 0
7 16 1 0
7 15 1 0
7 14 1 0
7 13 1 0
7 12 1 0
7 11 1 0
7 10 1 0
7 9 1 0
7 8 1 0
7 7 1 0
0 0
1 0
2 0
3 0
4 0
5 0
6 0
7 0
8 0
9 0
10 0
7 16 1 0
7 15 1 0
7 14 1 0
7 13 1 0
7 12 1 0
7 11 1 0
7 10 1 0
7 9 1 0
7 8 1 0
7 7 1 0
7 6 1 0
0 0
1 0
2 0
3 0
4 0
5 0
6 0
7 0
8 0
9 0
10 0
7 15 1 0
7 14 1 0
7 13 1 0
7 12 1 0
7 11 1 0
7 10 1 0
7 9 1 0
7 8 1 0
7 7 1 0
7 6 1 0
7 5 1 0
0 0
1 0
2 0
3 0
4 0
5 0
6 0
7 0
8 0
9 0
10 0
7 14 1 0
7 13 1 0
7 12 1 0
7 11 1 0
7 10 1 0
7 9 1 0
7 8 1 0
7 7 1 0
7 6 1 0
7 5 1 0
7 4 1 0
0 0
1 0
2 0
3 0
4 0
5 0
6 0
7 0
8 0
9 0
10 0
7 13 1 0
7 12 1 0
7 11 1 0
7 10 1 0
7 9 1 0
7 8 1 0
7 7 1 0
7 6 1 0
7 5 1 0
7 4 1 0
7 3 1 0
0 0
1 0
2 0
3 0
4 0
5 0
6 0
7 0
8 0
9 0
10 0
7 12 1 0
7 11 1 0
7 10 1 0
7 9 1 0
7 8 1 0
7 7 1 0
7 6 1 0
7 5 1 0
7 4 1 0
7 3 1 0
7 2 1 0
0 0
1 0
2 0
3 0
4 0
5 0
6 0
7 0
8 0
9 0
10 0
0 0
1 0.124035
2 0.248069
3 0.372104
4 0.496139
5 0.620174
6 0.744208
7 0.868243
8 0.992278
9 1.11631
10 0
0 0
1 0.316228
2 0.632456
3 0.948683
4 1.26491
5 1.58114
6 1.89737
7 2.21359
8 2.52982
9 1.26491
10 0
0 0
1 0.6
2 1.2
3 1.8
4 2.4
5 3
6 3.6
7 4.2
8 2.8
9 1.4
10 0
0 0
1 0.894427
2 1.78885
3 2.68328
4 3.57771
5 4.47214
6 5.36656
7 4.02492
8 2.68328
9 1.34164
10 0
(7, 1, 5, 5.36656) (8, 2, 0, 0) (9, 3, 0, 0) (10, 4, 0, 0) (11, 5, 0, 0) 
(12, 6, 0, 0) (13, 7, 3, 0.937043) (13, 8, 0, 0) (14, 9, 0, 0) (14, 10, 1, 0.624695) 
(15, 11, 0, 0) (16, 12, 0, 0) (17, 13, 0, 0) (18, 14, 9, 2.22834) (18, 15, 0, 0) 
(18, 16, 0, 0) (18, 17, 0, 0) (18, 18, 0, 0) (18, 19, 0, 0) (18, 20, 0, 0) 
(18, 21, 0, 0) (18, 22, 0, 0) (18, 23, 0, 0) (18, 24, 1, 0) (18, 25, 1, 0) 
(18, 26, 1, 0) (18, 27, 1, 0) (18, 28, 1, 0) (18, 29, 1, 0) (18, 30, 1, 0) 
(18, 31, 1, 0) (18, 32, 1, 0) (18, 33, 1, 0) (18, 34, 1, 0) (18, 35, 1, 0) 
(18, 36, 1, 0) (18, 37, 1, 0) (18, 38, 10, 5.36656) (17, 37, 0, 0) (16, 36, 0, 0) 
(15, 35, 0, 0) (14, 34, 0, 0) (13, 33, 0, 0) (12, 32, 0, 0) (11, 31, 0, 0) 
(10, 30, 0, 0) (9, 29, 0, 0) (8, 28, 1, 0) (7, 27, 10, 2.23607) (7, 26, 0, 0) 
(7, 25, 0, 0) (7, 24, 0, 0) (7, 23, 0, 0) (7, 22, 0, 0) (7, 21, 0, 0) 
(7, 20, 0, 0) (7, 19, 0, 0) (7, 18, 0, 0) (7, 17, 1, 0) (7, 16, 1, 0) 
(7, 15, 1, 0) (7, 14, 1, 0) (7, 13, 1, 0) (7, 12, 1, 0) (7, 11, 1, 0) 
(7, 10, 1, 0) (7, 9, 1, 0) (7, 8, 1, 0) (7, 7, 1, 0) (7, 6, 1, 0) 
(7, 5, 1, 0) (7, 4, 1, 0) (7, 3, 1, 0) (7, 2, 1, 0) 