0 0
1 0.0940721
2 0.188144
3 0.282216
4 0.376288
5 0.47036
6 0.564433
7 0.0940721
8 0
7 1 0 0
8 2 0 0
9 3 0 0
10 4 0 0
11 5 0 0
12 6 0 0
13 7 1 0.564433
13 8 0 0
14 9 0 0
0 0
1 0.2
2 0.4
3 0.6
4 0.8
5 1
6 0.4
7 0.6
8 0
8 2 0 0
9 3 0 0
10 4 0 0
11 5 0 0
12 6 0 0
13 7 2 1
13 8 0 0
14 9 0 0
14 10 0 0
0 0
1 0.2
2 0.4
3 0.6
4 0.8
5 0.2
6 0.4
7 0.2
8 0
9 3 0 0
10 4 0 0
11 5 0 0
12 6 0 0
13 7 3 1
13 8 0 0
14 9 0 0
14 10 0 0
15 11 0 0
0 0
1 0.2
2 0.4
3 0.6
4 0
5 0.2
6 0.4
7 0.2
8 0
10 4 0 0
11 5 0 0
12 6 0 0
13 7 4 1
13 8 0 0
14 9 0 0
14 10 0 0
15 11 0 0
16 12 0 0
0 0
1 0.2
2 0.4
3 0.2
4 0
5 0.6
6 0.4
7 0.2
8 0
11 5 0 0
12 6 0 0
13 7 4 1
13 8 0 0
14 9 0 0
14 10 1 0.6
15 11 0 0
16 12 0 0
17 13 0 0
0 0
1 0.2
2 0.4
3 0.2
4 0.8
5 0.6
6 0.4
7 0.2
8 0
12 6 0 0
13 7 4 1
13 8 0 0
14 9 0 0
14 10 2 0.8
15 11 0 0
16 12 0 0
17 13 0 0
18 14 0 0
0 0
1 0.529999
2 0.212
3 0.741999
4 0.423999
5 0.106
6 0.212
7 0.529999
8 0
13 7 4 1
13 8 0 0
14 9 0 0
14 10 3 0.8
15 11 0 0
16 12 0 0
17 13 0 0
18 14 0 0
18 15 0 0
0 0
1 0.317999
2 0.212
3 0.106
4 0.423999
5 0.741999
6 1.06
7 0.529999
8 0
13 8 0 0
14 9 0 0
14 10 3 0.8
15 11 0 0
16 12 0 0
17 13 0 0
18 14 1 1.06
18 15 0 0
18 16 0 0
0 0
1 0.447214
2 0
3 0.447214
4 0.894427
5 1.34164
6 0.894427
7 0.447214
8 0
14 9 0 0
14 10 3 0.8
15 11 0 0
16 12 0 0
17 13 0 0
18 14 2 1.34164
18 15 0 0
18 16 0 0
18 17 0 0
0 0
1 0.447214
2 0.894427
3 1.34164
4 1.78885
5 1.34164
6 0.894427
7 0.447214
8 0
14 10 3 0.8
15 11 0 0
16 12 0 0
17 13 0 0
18 14 3 1.78885
18 15 0 0
18 16 0 0
18 17 0 0
18 18 0 0
0 0
1 0.585206
2 1.17041
3 1.75562
4 1.40449
5 1.05337
6 0.702247
7 0.351123
8 0
15 11 0 0
16 12 0 0
17 13 0 0
18 14 4 1.78885
18 15 0 0
18 16 0 0
18 17 0 0
18 18 0 0
18 19 0 0
0 0
1 0.727607
2 1.45521
3 1.21268
4 0.970143
5 0.727607
6 0.485071
7 0.242536
8 0
16 12 0 0
17 13 0 0
18 14 5 1.78885
18 15 0 0
18 16 0 0
18 17 0 0
18 18 0 0
18 19 0 0
18 20 0 0
0 0
1 0.868243
2 0.744208
3 0.620174
4 0.496139
5 0.372104
6 0.248069
7 0.124035
8 0
17 13 0 0
18 14 6 1.78885
18 15 0 0
18 16 0 0
18 17 0 0
18 18 0 0
18 19 0 0
18 20 0 0
18 21 0 0
0 0
1 0
2 0
3 0
4 0
5 0
6 0
7 0
8 0
18 14 6 1.78885
18 15 0 0
18 16 0 0
18 17 0 0
18 18 0 0
18 19 0 0
18 20 0 0
18 21 0 0
18 22 1 0
0 0
1 0
2 0
3 0
4 0
5 0
6 0
7 0
8 0
18 15 0 0
18 16 0 0
18 17 0 0
18 18 0 0
18 19 0 0
18 20 0 0
18 21 0 0
18 22 1 0
18 23 1 0
0 0
1 0
2 0
3 0
4 0
5 0
6 0
7 0
8 0
18 16 0 0
18 17 0 0
18 18 0 0
18 19 0 0
18 20 0 0
18 21 0 0
18 22 1 0
18 23 1 0
18 24 1 0
0 0
1 0
2 0
3 0
4 0
5 0
6 0
7 0
8 0
18 17 0 0
18 18 0 0
18 19 0 0
18 20 0 0
18 21 0 0
18 22 1 0
18 23 1 0
18 24 1 0
18 25 1 0
0 0
1 0
2 0
3 0
4 0
5 0
6 0
7 0
8 0
18 18 0 0
18 19 0 0
18 20 0 0
18 21 0 0
18 22 1 0
18 23 1 0
18 24 1 0
18 25 1 0
18 26 1 0
0 0
1 0
2 0
3 0
4 0
5 0
6 0
7 0
8 0
18 19 0 0
18 20 0 0
18 21 0 0
18 22 1 0
18 23 1 0
18 24 1 0
18 25 1 0
18 26 1 0
18 27 1 0
0 0
1 0
2 0
3 0
4 0
5 0
6 0
7 0
8 0
18 20 0 0
18 21 0 0
18 22 1 0
18 23 1 0
18 24 1 0
18 25 1 0
18 26 1 0
18 27 1 0
18 28 1 0
0 0
1 0
2 0
3 0
4 0
5 0
6 0
7 0
8 0
18 21 0 0
18 22 1 0
18 23 1 0
18 24 1 0
18 25 1 0
18 26 1 0
18 27 1 0
18 28 1 0
18 29 1 0
0 0
1 0
2 0
3 0
4 0
5 0
6 0
7 0
8 0
18 22 1 0
18 23 1 0
18 24 1 0
18 25 1 0
18 26 1 0
18 27 1 0
18 28 1 0
18 29 1 0
18 30 1 0
0 0
1 0
2 0
3 0
4 0
5 0
6 0
7 0
8 0
18 23 1 0
18 24 1 0
18 25 1 0
18 26 1 0
18 27 1 0
18 28 1 0
18 29 1 0
18 30 1 0
18 31 1 0
0 0
1 0
2 0
3 0
4 0
5 0
6 0
7 0
8 0
18 24 1 0
18 25 1 0
18 26 1 0
18 27 1 0
18 28 1 0
18 29 1 0
18 30 1 0
18 31 1 0
18 32 1 0
0 0
1 0
2 0
3 0
4 0
5 0
6 0
7 0
8 0
18 25 1 0
18 26 1 0
18 27 1 0
18 28 1 0
18 29 1 0
18 30 1 0
18 31 1 0
18 32 1 0
18 33 1 0
0 0
1 0
2 0
3 0
4 0
5 0
6 0
7 0
8 0
18 26 1 0
18 27 1 0
18 28 1 0
18 29 1 0
18 30 1 0
18 31 1 0
18 32 1 0
18 33 1 0
18 34 1 0
0 0
1 0
2 0
3 0
4 0
5 0
6 0
7 0
8 0
18 27 1 0
18 28 1 0
18 29 1 0
18 30 1 0
18 31 1 0
18 32 1 0
18 33 1 0
18 34 1 0
18 35 1 0
0 0
1 0
2 0
3 0
4 0
5 0
6 0
7 0
8 0
18 28 1 0
18 29 1 0
18 30 1 0
18 31 1 0
18 32 1 0
18 33 1 0
18 34 1 0
18 35 1 0
18 36 1 0
0 0
1 0
2 0
3 0
4 0
5 0
6 0
7 0
8 0
18 29 1 0
18 30 1 0
18 31 1 0
18 32 1 0
18 33 1 0
18 34 1 0
18 35 1 0
18 36 1 0
18 37 1 0
0 0
1 0
2 0
3 0
4 0
5 0
6 0
7 0
8 0
18 30 1 0
18 31 1 0
18 32 1 0
18 33 1 0
18 34 1 0
18 35 1 0
18 36 1 0
18 37 1 0
18 38 1 0
0 0
1 0.164399
2 0.328798
3 0.493197
4 0.657596
5 0.821995
6 0.986394
7 1.15079
8 0
18 31 1 0
18 32 1 0
18 33 1 0
18 34 1 0
18 35 1 0
18 36 1 0
18 37 1 0
18 38 2 1.15079
17 37 0 0
0 0
1 0.447214
2 0.894427
3 1.34164
4 1.78885
5 2.23607
6 2.68328
7 1.34164
8 0
18 32 1 0
18 33 1 0
18 34 1 0
18 35 1 0
18 36 1 0
18 37 1 0
18 38 3 2.68328
17 37 0 0
16 36 0 0
0 0
1 0.83205
2 1.6641
3 2.49615
4 3.3282
5 4.16025
6 2.7735
7 1.38675
8 0
18 33 1 0
18 34 1 0
18 35 1 0
18 36 1 0
18 37 1 0
18 38 4 4.16025
17 37 0 0
16 36 0 0
15 35 0 0
0 0
1 1
2 2
3 3
4 4
5 3
6 2
7 1
8 0
18 34 1 0
18 35 1 0
18 36 1 0
18 37 1 0
18 38 5 4.16025
17 37 0 0
16 36 0 0
15 35 0 0
14 34 0 0
0 0
1 0.928477
2 1.85695
3 2.78543
4 2.22834
5 1.67126
6 1.11417
7 0.557086
8 0
18 35 1 0
18 36 1 0
18 37 1 0
18 38 6 4.16025
17 37 0 0
16 36 0 0
15 35 0 0
14 34 0 0
13 33 0 0
0 0
1 0.83205
2 1.6641
3 1.38675
4 1.1094
5 0.83205
6 0.5547
7 0.27735
8 0
18 36 1 0
18 37 1 0
18 38 7 4.16025
17 37 0 0
16 36 0 0
15 35 0 0
14 34 0 0
13 33 0 0
12 32 0 0
0 0
1 0.759257
2 0.650791
3 0.542326
4 0.433861
5 0.325396
6 0.21693
7 0.108465
8 0
18 37 1 0
18 38 8 4.16025
17 37 0 0
16 36 0 0
15 35 0 0
14 34 0 0
13 33 0 0
12 32 0 0
11 31 0 0
0 0
1 0
2 0
3 0
4 0
5 0
6 0
7 0
8 0
18 38 8 4.16025
17 37 0 0
16 36 0 0
15 35 0 0
14 34 0 0
13 33 0 0
12 32 0 0
11 31 0 0
10 30 1 0
0 0
1 0
2 0
3 0
4 0
5 0
6 0
7 0
8 0
17 37 0 0
16 36 0 0
15 35 0 0
14 34 0 0
13 33 0 0
12 32 0 0
11 31 0 0
10 30 1 0
9 29 1 0
0 0
1 0
2 0
3 0
4 0
5 0
6 0
7 0
8 0
16 36 0 0
15 35 0 0
14 34 0 0
13 33 0 0
12 32 0 0
11 31 0 0
10 30 1 0
9 29 1 0
8 28 1 0
0 0
1 0
2 0
3 0
4 0
5 0
6 0
7 0
8 0
15 35 0 0
14 34 0 0
13 33 0 0
12 32 0 0
11 31 0 0
10 30 1 0
9 29 1 0
8 28 1 0
7 27 1 0
0 0
1 0.0940721
2 0.188144
3 0.282216
4 0.376288
5 0.47036
6 0.564433
7 0.658505
8 0
14 34 0 0
13 33 0 0
12 32 0 0
11 31 0 0
10 30 1 0
9 29 1 0
8 28 1 0
7 27 2 0.658505
7 26 0 0
0 0
1 0.2
2 0.4
3 0.6
4 0.8
5 1
6 1.2
7 0.6
8 0
13 33 0 0
12 32 0 0
11 31 0 0
10 30 1 0
9 29 1 0
8 28 1 0
7 27 3 1.2
7 26 0 0
7 25 0 0
0 0
1 0.317999
2 0.635999
3 0.953998
4 1.272
5 1.59
6 1.06
7 0.529999
8 0
12 32 0 0
11 31 0 0
10 30 1 0
9 29 1 0
8 28 1 0
7 27 4 1.59
7 26 0 0
7 25 0 0
7 24 0 0
0 0
1 0.447214
2 0.894427
3 1.34164
4 1.78885
5 1.34164
6 0.894427
7 0.447214
8 0
11 31 0 0
10 30 1 0
9 29 1 0
8 28 1 0
7 27 5 1.78885
7 26 0 0
7 25 0 0
7 24 0 0
7 23 0 0
0 0
1 0.585206
2 1.17041
3 1.75562
4 1.40449
5 1.05337
6 0.702247
7 0.351123
8 0
10 30 1 0
9 29 1 0
8 28 1 0
7 27 6 1.78885
7 26 0 0
7 25 0 0
7 24 0 0
7 23 0 0
7 22 0 0
0 0
1 0.727607
2 1.45521
3 1.21268
4 0.970143
5 0.727607
6 0.485071
7 0.242536
8 0
9 29 1 0
8 28 1 0
7 27 7 1.78885
7 26 0 0
7 25 0 0
7 24 0 0
7 23 0 0
7 22 0 0
7 21 0 0
0 0
1 0.868243
2 0.744208
3 0.620174
4 0.496139
5 0.372104
6 0.248069
7 0.124035
8 0
8 28 1 0
7 27 8 1.78885
7 26 0 0
7 25 0 0
7 24 0 0
7 23 0 0
7 22 0 0
7 21 0 0
7 20 0 0
0 0
1 0
2 0
3 0
4 0
5 0
6 0
7 0
8 0
7 27 8 1.78885
7 26 0 0
7 25 0 0
7 24 0 0
7 23 0 0
7 22 0 0
7 21 0 0
7 20 0 0
7 19 1 0
0 0
1 0
2 0
3 0
4 0
5 0
6 0
7 0
8 0
7 26 0 0
7 25 0 0
7 24 0 0
7 23 0 0
7 22 0 0
7 21 0 0
7 20 0 0
7 19 1 0
7 18 1 0
0 0
1 0
2 0
3 0
4 0
5 0
6 0
7 0
8 0
7 25 0 0
7 24 0 0
7 23 0 0
7 22 0 0
7 21 0 0
7 20 0 0
7 19 1 0
7 18 1 0
7 17 1 0
0 0
1 0
2 0
3 0
4 0
5 0
6 0
7 0
8 0
7 24 0 0
7 23 0 0
7 22 0 0
7 21 0 0
7 20 0 0
7 19 1 0
7 18 1 0
7 17 1 0
7 16 1 0
0 0
1 0
2 0
3 0
4 0
5 0
6 0
7 0
8 0
7 23 0 0
7 22 0 0
7 21 0 0
7 20 0 0
7 19 1 0
7 18 1 0
7 17 1 0
7 16 1 0
7 15 1 0
0 0
1 0
2 0
3 0
4 0
5 0
6 0
7 0
8 0
7 22 0 0
7 21 0 0
7 20 0 0
7 19 1 0
7 18 1 0
7 17 1 0
7 16 1 0
7 15 1 0
7 14 1 0
0 0
1 0
2 0
3 0
4 0
5 0
6 0
7 0
8 0
7 21 0 0
7 20 0 0
7 19 1 0
7 18 1 0
7 17 1 0
7 16 1 0
7 15 1 0
7 14 1 0
7 13 1 0
0 0
1 0
2 0
3 0
4 0
5 0
6 0
7 0
8 0
7 20 0 0
7 19 1 0
7 18 1 0
7 17 1 0
7 16 1 0
7 15 1 0
7 14 1 0
7 13 1 0
7 12 1 0
0 0
1 0
2 0
3 0
4 0
5 0
6 0
7 0
8 0
7 19 1 0
7 18 1 0
7 17 1 0
7 16 1 0
7 15 1 0
7 14 1 0
7 13 1 0
7 12 1 0
7 11 1 0
0 0
1 0
2 0
3 0
4 0
5 0
6 0
7 0
8 0
7 18 1 0
7 17 1 0
7 16 1 0
7 15 1 0
7 14 1 0
7 13 1 0
7 12 1 0
7 11 1 0
7 10 1 0
0 0
1 0
2 0
3 0
4 0
5 0
6 0
7 0
8 0
7 17 1 0
7 16 1 0
7 15 1 0
7 14 1 0
7 13 1 0
7 12 1 0
7 11 1 0
7 10 1 0
7 9 1 0
0 0
1 0
2 0
3 0
4 0
5 0
6 0
7 0
8 0
7 16 1 0
7 15 1 0
7 14 1 0
7 13 1 0
7 12 1 0
7 11 1 0
7 10 1 0
7 9 1 0
7 8 1 0
0 0
1 0
2 0
3 0
4 0
5 0
6 0
7 0
8 0
7 15 1 0
7 14 1 0
7 13 1 0
7 12 1 0
7 11 1 0
7 10 1 0
7 9 1 0
7 8 1 0
7 7 1 0
0 0
1 0
2 0
3 0
4 0
5 0
6 0
7 0
8 0
7 14 1 0
7 13 1 0
7 12 1 0
7 11 1 0
7 10 1 0
7 9 1 0
7 8 1 0
7 7 1 0
7 6 1 0
0 0
1 0
2 0
3 0
4 0
5 0
6 0
7 0
8 0
7 13 1 0
7 12 1 0
7 11 1 0
7 10 1 0
7 9 1 0
7 8 1 0
7 7 1 0
7 6 1 0
7 5 1 0
0 0
1 0
2 0
3 0
4 0
5 0
6 0
7 0
8 0
7 12 1 0
7 11 1 0
7 10 1 0
7 9 1 0
7 8 1 0
7 7 1 0
7 6 1 0
7 5 1 0
7 4 1 0
0 0
1 0
2 0
3 0
4 0
5 0
6 0
7 0
8 0
7 11 1 0
7 10 1 0
7 9 1 0
7 8 1 0
7 7 1 0
7 6 1 0
7 5 1 0
7 4 1 0
7 3 1 0
0 0
1 0
2 0
3 0
4 0
5 0
6 0
7 0
8 0
7 10 1 0
7 9 1 0
7 8 1 0
7 7 1 0
7 6 1 0
7 5 1 0
7 4 1 0
7 3 1 0
7 2 1 0
0 0
1 0
2 0
3 0
4 0
5 0
6 0
7 0
8 0
0 0
1 0.164399
2 0.328798
3 0.493197
4 0.657596
5 0.821995
6 0.986394
7 1.15079
8 0
0 0
1 0.447214
2 0.894427
3 1.34164
4 1.78885
5 2.23607
6 2.68328
7 1.34164
8 0
0 0
1 0.83205
2 1.6641
3 2.49615
4 3.3282
5 4.16025
6 2.7735
7 1.38675
8 0
(7, 1, 4, 4.16025) (8, 2, 0, 0) (9, 3, 0, 0) (10, 4, 0, 0) (11, 5, 0, 0) 
(12, 6, 0, 0) (13, 7, 4, 1) (13, 8, 0, 0) (14, 9, 0, 0) (14, 10, 3, 0.8) 
(15, 11, 0, 0) (16, 12, 0, 0) (17, 13, 0, 0) (18, 14, 6, 1.78885) (18, 15, 0, 0) 
(18, 16, 0, 0) (18, 17, 0, 0) (18, 18, 0, 0) (18, 19, 0, 0) (18, 20, 0, 0) 
(18, 21, 0, 0) (18, 22, 1, 0) (18, 23, 1, 0) (18, 24, 1, 0) (18, 25, 1, 0) 
(18, 26, 1, 0) (18, 27, 1, 0) (18, 28, 1, 0) (18, 29, 1, 0) (18, 30, 1, 0) 
(18, 31, 1, 0) (18, 32, 1, 0) (18, 33, 1, 0) (18, 34, 1, 0) (18, 35, 1, 0) 
(18, 36, 1, 0) (18, 37, 1, 0) (18, 38, 8, 4.16025) (17, 37, 0, 0) (16, 36, 0, 0) 
(15, 35, 0, 0) (14, 34, 0, 0) (13, 33, 0, 0) (12, 32, 0, 0) (11, 31, 0, 0) 
(10, 30, 1, 0) (9, 29, 1, 0) (8, 28, 1, 0) (7, 27, 8, 1.78885) (7, 26, 0, 0) 
(7, 25, 0, 0) (7, 24, 0, 0) (7, 23, 0, 0) (7, 22, 0, 0) (7, 21, 0, 0) 
(7, 20, 0, 0) (7, 19, 1, 0) (7, 18, 1, 0) (7, 17, 1, 0) (7, 16, 1, 0) 
(7, 15, 1, 0) (7, 14, 1, 0) (7, 13, 1, 0) (7, 12, 1, 0) (7, 11, 1, 0) 
(7, 10, 1, 0) (7, 9, 1, 0) (7, 8, 1, 0) (7, 7, 1, 0) (7, 6, 1, 0) 
(7, 5, 1, 0) (7, 4, 1, 0) (7, 3, 1, 0) (7, 2, 1, 0) 