0 0
1 0
2 0
3 0
4 0
5 0
6 0
7 0
8 0
9 0
10 0
5 15 0 0
6 14 0 0
7 13 0 0
8 12 0 0
9 11 0 0
10 10 0 0
11 9 0 0
12 8 0 0
13 7 0 0
14 6 0 0
15 5 1 0
0 0
1 0.0743294
2 0.148659
3 0.222988
4 0.297318
5 0.371647
6 0.445976
7 0.520306
8 0.594635
9 0.668965
10 0
6 14 0 0
7 13 0 0
8 12 0 0
9 11 0 0
10 10 0 0
11 9 0 0
12 8 0 0
13 7 0 0
14 6 0 0
15 5 2 0.668965
16 5 0 0
0 0
1 0.156174
2 0.312348
3 0.468521
4 0.624695
5 0.780869
6 0.937043
7 1.09322
8 1.24939
9 0.624695
10 0
7 13 0 0
8 12 0 0
9 11 0 0
10 10 0 0
11 9 0 0
12 8 0 0
13 7 0 0
14 6 0 0
15 5 3 1.24939
16 5 0 0
17 5 0 0
0 0
1 0.24577
2 0.491539
3 0.737309
4 0.983078
5 1.22885
6 1.47462
7 1.72039
8 1.14692
9 0.573462
10 0
8 12 0 0
9 11 0 0
10 10 0 0
11 9 0 0
12 8 0 0
13 7 0 0
14 6 0 0
15 5 4 1.72039
16 5 0 0
17 5 0 0
18 5 0 0
0 0
1 0.342997
2 0.685994
3 1.02899
4 1.37199
5 1.71499
6 2.05798
7 1.54349
8 1.02899
9 0.514496
10 0
9 11 0 0
10 10 0 0
11 9 0 0
12 8 0 0
13 7 0 0
14 6 0 0
15 5 5 2.05798
16 5 0 0
17 5 0 0
18 5 0 0
19 5 0 0
0 0
1 0.447214
2 0.894427
3 1.34164
4 1.78885
5 2.23607
6 1.78885
7 1.34164
8 0.894427
9 0.447214
10 0
10 10 0 0
11 9 0 0
12 8 0 0
13 7 0 0
14 6 0 0
15 5 6 2.23607
16 5 0 0
17 5 0 0
18 5 0 0
19 5 0 0
20 5 0 0
0 0
1 0.557086
2 1.11417
3 1.67126
4 2.22834
5 1.85695
6 1.48556
7 1.11417
8 0.742781
9 0.371391
10 0
11 9 0 0
12 8 0 0
13 7 0 0
14 6 0 0
15 5 7 2.23607
16 5 0 0
17 5 0 0
18 5 0 0
19 5 0 0
20 5 0 0
21 5 0 0
0 0
1 0.670478
2 1.34096
3 2.01144
4 1.72409
5 1.43674
6 1.14939
7 0.862044
8 0.574696
9 0.287348
10 0
12 8 0 0
13 7 0 0
14 6 0 0
15 5 8 2.23607
16 5 0 0
17 5 0 0
18 5 0 0
19 5 0 0
20 5 0 0
21 5 0 0
22 5 0 0
0 0
1 0.784465
2 1.56893
3 1.37281
4 1.1767
5 0.980581
6 0.784465
7 0.588348
8 0.392232
9 0.196116
10 0
13 7 0 0
14 6 0 0
15 5 9 2.23607
16 5 0 0
17 5 0 0
18 5 0 0
19 5 0 0
20 5 0 0
21 5 0 0
22 5 0 0
23 5 0 0
0 0
1 0.895533
2 0.79603
3 0.696526
4 0.597022
5 0.497519
6 0.398015
7 0.298511
8 0.199007
9 0.0995037
10 0
14 6 0 0
15 5 10 2.23607
16 5 0 0
17 5 0 0
18 5 0 0
19 5 0 0
20 5 0 0
21 5 0 0
22 5 0 0
23 5 0 0
24 5 0 0
0 0
1 0.0995037
2 0.199007
3 0.298511
4 0.398015
5 0.497519
6 0.597022
7 0.696526
8 0.79603
9 0.895533
10 0
15 5 10 2.23607
16 5 0 0
17 5 0 0
18 5 0 0
19 5 0 0
20 5 0 0
21 5 0 0
22 5 0 0
23 5 0 0
24 5 1 0.895533
25 6 0 0
0 0
1 0.196116
2 0.392232
3 0.588348
4 0.784465
5 0.980581
6 1.1767
7 1.37281
8 1.56893
9 0.784465
10 0
16 5 0 0
17 5 0 0
18 5 0 0
19 5 0 0
20 5 0 0
21 5 0 0
22 5 0 0
23 5 0 0
24 5 2 1.56893
25 6 0 0
26 7 0 0
0 0
1 0.287348
2 0.574696
3 0.862044
4 1.14939
5 1.43674
6 1.72409
7 2.01144
8 1.34096
9 0.670478
10 0
17 5 0 0
18 5 0 0
19 5 0 0
20 5 0 0
21 5 0 0
22 5 0 0
23 5 0 0
24 5 3 2.01144
25 6 0 0
26 7 0 0
27 8 0 0
0 0
1 0.371391
2 0.742781
3 1.11417
4 1.48556
5 1.85695
6 2.22834
7 1.67126
8 1.11417
9 0.557086
10 0
18 5 0 0
19 5 0 0
20 5 0 0
21 5 0 0
22 5 0 0
23 5 0 0
24 5 4 2.22834
25 6 0 0
26 7 0 0
27 8 0 0
28 9 0 0
0 0
1 0.447214
2 0.894427
3 1.34164
4 1.78885
5 2.23607
6 1.78885
7 1.34164
8 0.894427
9 0.447214
10 0
19 5 0 0
20 5 0 0
21 5 0 0
22 5 0 0
23 5 0 0
24 5 5 2.23607
25 6 0 0
26 7 0 0
27 8 0 0
28 9 0 0
29 10 0 0
0 0
1 0.514496
2 1.02899
3 1.54349
4 2.05798
5 1.71499
6 1.37199
7 1.02899
8 0.685994
9 0.342997
10 0
20 5 0 0
21 5 0 0
22 5 0 0
23 5 0 0
24 5 6 2.23607
25 6 0 0
26 7 0 0
27 8 0 0
28 9 0 0
29 10 0 0
30 11 0 0
0 0
1 0.573462
2 1.14692
3 1.72039
4 1.47462
5 1.22885
6 0.983078
7 0.737309
8 0.491539
9 0.24577
10 0
21 5 0 0
22 5 0 0
23 5 0 0
24 5 7 2.23607
25 6 0 0
26 7 0 0
27 8 0 0
28 9 0 0
29 10 0 0
30 11 0 0
31 12 0 0
0 0
1 0.624695
2 1.24939
3 1.09322
4 0.937043
5 0.780869
6 0.624695
7 0.468521
8 0.312348
9 0.156174
10 0
22 5 0 0
23 5 0 0
24 5 8 2.23607
25 6 0 0
26 7 0 0
27 8 0 0
28 9 0 0
29 10 0 0
30 11 0 0
31 12 0 0
32 13 0 0
0 0
1 0.668965
2 0.594635
3 0.520306
4 0.445976
5 0.371647
6 0.297318
7 0.222988
8 0.148659
9 0.0743294
10 0
23 5 0 0
24 5 9 2.23607
25 6 0 0
26 7 0 0
27 8 0 0
28 9 0 0
29 10 0 0
30 11 0 0
31 12 0 0
32 13 0 0
33 14 0 0
0 0
1 0
2 0
3 0
4 0
5 0
6 0
7 0
8 0
9 0
10 0
24 5 9 2.23607
25 6 0 0
26 7 0 0
27 8 0 0
28 9 0 0
29 10 0 0
30 11 0 0
31 12 0 0
32 13 0 0
33 14 0 0
34 15 1 0
0 0
1 0.0743294
2 0.148659
3 0.222988
4 0.297318
5 0.371647
6 0.445976
7 0.520306
8 0.594635
9 0.668965
10 0
25 6 0 0
26 7 0 0
27 8 0 0
28 9 0 0
29 10 0 0
30 11 0 0
31 12 0 0
32 13 0 0
33 14 0 0
34 15 2 0.668965
34 16 0 0
0 0
1 0.156174
2 0.312348
3 0.468521
4 0.624695
5 0.780869
6 0.937043
7 1.09322
8 1.24939
9 0.624695
10 0
26 7 0 0
27 8 0 0
28 9 0 0
29 10 0 0
30 11 0 0
31 12 0 0
32 13 0 0
33 14 0 0
34 15 3 1.24939
34 16 0 0
34 17 0 0
0 0
1 0.24577
2 0.491539
3 0.737309
4 0.983078
5 1.22885
6 1.47462
7 1.72039
8 1.14692
9 0.573462
10 0
27 8 0 0
28 9 0 0
29 10 0 0
30 11 0 0
31 12 0 0
32 13 0 0
33 14 0 0
34 15 4 1.72039
34 16 0 0
34 17 0 0
34 18 0 0
0 0
1 0.342997
2 0.685994
3 1.02899
4 1.37199
5 1.71499
6 2.05798
7 1.54349
8 1.02899
9 0.514496
10 0
28 9 0 0
29 10 0 0
30 11 0 0
31 12 0 0
32 13 0 0
33 14 0 0
34 15 5 2.05798
34 16 0 0
34 17 0 0
34 18 0 0
34 19 0 0
0 0
1 0.447214
2 0.894427
3 1.34164
4 1.78885
5 2.23607
6 1.78885
7 1.34164
8 0.894427
9 0.447214
10 0
29 10 0 0
30 11 0 0
31 12 0 0
32 13 0 0
33 14 0 0
34 15 6 2.23607
34 16 0 0
34 17 0 0
34 18 0 0
34 19 0 0
34 20 0 0
0 0
1 0.557086
2 1.11417
3 1.67126
4 2.22834
5 1.85695
6 1.48556
7 1.11417
8 0.742781
9 0.371391
10 0
30 11 0 0
31 12 0 0
32 13 0 0
33 14 0 0
34 15 7 2.23607
34 16 0 0
34 17 0 0
34 18 0 0
34 19 0 0
34 20 0 0
34 21 0 0
0 0
1 0.670478
2 1.34096
3 2.01144
4 1.72409
5 1.43674
6 1.14939
7 0.862044
8 0.574696
9 0.287348
10 0
31 12 0 0
32 13 0 0
33 14 0 0
34 15 8 2.23607
34 16 0 0
34 17 0 0
34 18 0 0
34 19 0 0
34 20 0 0
34 21 0 0
34 22 0 0
0 0
1 0.784465
2 1.56893
3 1.37281
4 1.1767
5 0.980581
6 0.784465
7 0.588348
8 0.392232
9 0.196116
10 0
32 13 0 0
33 14 0 0
34 15 9 2.23607
34 16 0 0
34 17 0 0
34 18 0 0
34 19 0 0
34 20 0 0
34 21 0 0
34 22 0 0
34 23 0 0
0 0
1 0.895533
2 0.79603
3 0.696526
4 0.597022
5 0.497519
6 0.398015
7 0.298511
8 0.199007
9 0.0995037
10 0
33 14 0 0
34 15 10 2.23607
34 16 0 0
34 17 0 0
34 18 0 0
34 19 0 0
34 20 0 0
34 21 0 0
34 22 0 0
34 23 0 0
34 24 0 0
0 0
1 0.0995037
2 0.199007
3 0.298511
4 0.398015
5 0.497519
6 0.597022
7 0.696526
8 0.79603
9 0.895533
10 0
34 15 10 2.23607
34 16 0 0
34 17 0 0
34 18 0 0
34 19 0 0
34 20 0 0
34 21 0 0
34 22 0 0
34 23 0 0
34 24 1 0.895533
33 25 0 0
0 0
1 0.196116
2 0.392232
3 0.588348
4 0.784465
5 0.980581
6 1.1767
7 1.37281
8 1.56893
9 0.784465
10 0
34 16 0 0
34 17 0 0
34 18 0 0
34 19 0 0
34 20 0 0
34 21 0 0
34 22 0 0
34 23 0 0
34 24 2 1.56893
33 25 0 0
32 26 0 0
0 0
1 0.287348
2 0.574696
3 0.862044
4 1.14939
5 1.43674
6 1.72409
7 2.01144
8 1.34096
9 0.670478
10 0
34 17 0 0
34 18 0 0
34 19 0 0
34 20 0 0
34 21 0 0
34 22 0 0
34 23 0 0
34 24 3 2.01144
33 25 0 0
32 26 0 0
31 27 0 0
0 0
1 0.371391
2 0.742781
3 1.11417
4 1.48556
5 1.85695
6 2.22834
7 1.67126
8 1.11417
9 0.557086
10 0
34 18 0 0
34 19 0 0
34 20 0 0
34 21 0 0
34 22 0 0
34 23 0 0
34 24 4 2.22834
33 25 0 0
32 26 0 0
31 27 0 0
30 28 0 0
0 0
1 0.447214
2 0.894427
3 1.34164
4 1.78885
5 2.23607
6 1.78885
7 1.34164
8 0.894427
9 0.447214
10 0
34 19 0 0
34 20 0 0
34 21 0 0
34 22 0 0
34 23 0 0
34 24 5 2.23607
33 25 0 0
32 26 0 0
31 27 0 0
30 28 0 0
29 29 0 0
0 0
1 0.514496
2 1.02899
3 1.54349
4 2.05798
5 1.71499
6 1.37199
7 1.02899
8 0.685994
9 0.342997
10 0
34 20 0 0
34 21 0 0
34 22 0 0
34 23 0 0
34 24 6 2.23607
33 25 0 0
32 26 0 0
31 27 0 0
30 28 0 0
29 29 0 0
28 30 0 0
0 0
1 0.573462
2 1.14692
3 1.72039
4 1.47462
5 1.22885
6 0.983078
7 0.737309
8 0.491539
9 0.24577
10 0
34 21 0 0
34 22 0 0
34 23 0 0
34 24 7 2.23607
33 25 0 0
32 26 0 0
31 27 0 0
30 28 0 0
29 29 0 0
28 30 0 0
27 31 0 0
0 0
1 0.624695
2 1.24939
3 1.09322
4 0.937043
5 0.780869
6 0.624695
7 0.468521
8 0.312348
9 0.156174
10 0
34 22 0 0
34 23 0 0
34 24 8 2.23607
33 25 0 0
32 26 0 0
31 27 0 0
30 28 0 0
29 29 0 0
28 30 0 0
27 31 0 0
26 32 0 0
0 0
1 0.668965
2 0.594635
3 0.520306
4 0.445976
5 0.371647
6 0.297318
7 0.222988
8 0.148659
9 0.0743294
10 0
34 23 0 0
34 24 9 2.23607
33 25 0 0
32 26 0 0
31 27 0 0
30 28 0 0
29 29 0 0
28 30 0 0
27 31 0 0
26 32 0 0
25 33 0 0
0 0
1 0
2 0
3 0
4 0
5 0
6 0
7 0
8 0
9 0
10 0
34 24 9 2.23607
33 25 0 0
32 26 0 0
31 27 0 0
30 28 0 0
29 29 0 0
28 30 0 0
27 31 0 0
26 32 0 0
25 33 0 0
24 34 1 0
0 0
1 0.0743294
2 0.148659
3 0.222988
4 0.297318
5 0.371647
6 0.445976
7 0.520306
8 0.594635
9 0.668965
10 0
33 25 0 0
32 26 0 0
31 27 0 0
30 28 0 0
29 29 0 0
28 30 0 0
27 31 0 0
26 32 0 0
25 33 0 0
24 34 2 0.668965
23 34 0 0
0 0
1 0.156174
2 0.312348
3 0.468521
4 0.624695
5 0.780869
6 0.937043
7 1.09322
8 1.24939
9 0.624695
10 0
32 26 0 0
31 27 0 0
30 28 0 0
29 29 0 0
28 30 0 0
27 31 0 0
26 32 0 0
25 33 0 0
24 34 3 1.24939
23 34 0 0
22 34 0 0
0 0
1 0.24577
2 0.491539
3 0.737309
4 0.983078
5 1.22885
6 1.47462
7 1.72039
8 1.14692
9 0.573462
10 0
31 27 0 0
30 28 0 0
29 29 0 0
28 30 0 0
27 31 0 0
26 32 0 0
25 33 0 0
24 34 4 1.72039
23 34 0 0
22 34 0 0
21 34 0 0
0 0
1 0.342997
2 0.685994
3 1.02899
4 1.37199
5 1.71499
6 2.05798
7 1.54349
8 1.02899
9 0.514496
10 0
30 28 0 0
29 29 0 0
28 30 0 0
27 31 0 0
26 32 0 0
25 33 0 0
24 34 5 2.05798
23 34 0 0
22 34 0 0
21 34 0 0
20 34 0 0
0 0
1 0.447214
2 0.894427
3 1.34164
4 1.78885
5 2.23607
6 1.78885
7 1.34164
8 0.894427
9 0.447214
10 0
29 29 0 0
28 30 0 0
27 31 0 0
26 32 0 0
25 33 0 0
24 34 6 2.23607
23 34 0 0
22 34 0 0
21 34 0 0
20 34 0 0
19 34 0 0
0 0
1 0.557086
2 1.11417
3 1.67126
4 2.22834
5 1.85695
6 1.48556
7 1.11417
8 0.742781
9 0.371391
10 0
28 30 0 0
27 31 0 0
26 32 0 0
25 33 0 0
24 34 7 2.23607
23 34 0 0
22 34 0 0
21 34 0 0
20 34 0 0
19 34 0 0
18 34 0 0
0 0
1 0.670478
2 1.34096
3 2.01144
4 1.72409
5 1.43674
6 1.14939
7 0.862044
8 0.574696
9 0.287348
10 0
27 31 0 0
26 32 0 0
25 33 0 0
24 34 8 2.23607
23 34 0 0
22 34 0 0
21 34 0 0
20 34 0 0
19 34 0 0
18 34 0 0
17 34 0 0
0 0
1 0.784465
2 1.56893
3 1.37281
4 1.1767
5 0.980581
6 0.784465
7 0.588348
8 0.392232
9 0.196116
10 0
26 32 0 0
25 33 0 0
24 34 9 2.23607
23 34 0 0
22 34 0 0
21 34 0 0
20 34 0 0
19 34 0 0
18 34 0 0
17 34 0 0
16 34 0 0
0 0
1 0.895533
2 0.79603
3 0.696526
4 0.597022
5 0.497519
6 0.398015
7 0.298511
8 0.199007
9 0.0995037
10 0
25 33 0 0
24 34 10 2.23607
23 34 0 0
22 34 0 0
21 34 0 0
20 34 0 0
19 34 0 0
18 34 0 0
17 34 0 0
16 34 0 0
15 34 0 0
0 0
1 0.0995037
2 0.199007
3 0.298511
4 0.398015
5 0.497519
6 0.597022
7 0.696526
8 0.79603
9 0.895533
10 0
24 34 10 2.23607
23 34 0 0
22 34 0 0
21 34 0 0
20 34 0 0
19 34 0 0
18 34 0 0
17 34 0 0
16 34 0 0
15 34 1 0.895533
14 33 0 0
0 0
1 0.196116
2 0.392232
3 0.588348
4 0.784465
5 0.980581
6 1.1767
7 1.37281
8 1.56893
9 0.784465
10 0
23 34 0 0
22 34 0 0
21 34 0 0
20 34 0 0
19 34 0 0
18 34 0 0
17 34 0 0
16 34 0 0
15 34 2 1.56893
14 33 0 0
13 32 0 0
0 0
1 0.287348
2 0.574696
3 0.862044
4 1.14939
5 1.43674
6 1.72409
7 2.01144
8 1.34096
9 0.670478
10 0
22 34 0 0
21 34 0 0
20 34 0 0
19 34 0 0
18 34 0 0
17 34 0 0
16 34 0 0
15 34 3 2.01144
14 33 0 0
13 32 0 0
12 31 0 0
0 0
1 0.371391
2 0.742781
3 1.11417
4 1.48556
5 1.85695
6 2.22834
7 1.67126
8 1.11417
9 0.557086
10 0
21 34 0 0
20 34 0 0
19 34 0 0
18 34 0 0
17 34 0 0
16 34 0 0
15 34 4 2.22834
14 33 0 0
13 32 0 0
12 31 0 0
11 30 0 0
0 0
1 0.447214
2 0.894427
3 1.34164
4 1.78885
5 2.23607
6 1.78885
7 1.34164
8 0.894427
9 0.447214
10 0
20 34 0 0
19 34 0 0
18 34 0 0
17 34 0 0
16 34 0 0
15 34 5 2.23607
14 33 0 0
13 32 0 0
12 31 0 0
11 30 0 0
10 29 0 0
0 0
1 0.514496
2 1.02899
3 1.54349
4 2.05798
5 1.71499
6 1.37199
7 1.02899
8 0.685994
9 0.342997
10 0
19 34 0 0
18 34 0 0
17 34 0 0
16 34 0 0
15 34 6 2.23607
14 33 0 0
13 32 0 0
12 31 0 0
11 30 0 0
10 29 0 0
9 28 0 0
0 0
1 0.573462
2 1.14692
3 1.72039
4 1.47462
5 1.22885
6 0.983078
7 0.737309
8 0.491539
9 0.24577
10 0
18 34 0 0
17 34 0 0
16 34 0 0
15 34 7 2.23607
14 33 0 0
13 32 0 0
12 31 0 0
11 30 0 0
10 29 0 0
9 28 0 0
8 27 0 0
0 0
1 0.624695
2 1.24939
3 1.09322
4 0.937043
5 0.780869
6 0.624695
7 0.468521
8 0.312348
9 0.156174
10 0
17 34 0 0
16 34 0 0
15 34 8 2.23607
14 33 0 0
13 32 0 0
12 31 0 0
11 30 0 0
10 29 0 0
9 28 0 0
8 27 0 0
7 26 0 0
0 0
1 0.668965
2 0.594635
3 0.520306
4 0.445976
5 0.371647
6 0.297318
7 0.222988
8 0.148659
9 0.0743294
10 0
16 34 0 0
15 34 9 2.23607
14 33 0 0
13 32 0 0
12 31 0 0
11 30 0 0
10 29 0 0
9 28 0 0
8 27 0 0
7 26 0 0
6 25 0 0
0 0
1 0
2 0
3 0
4 0
5 0
6 0
7 0
8 0
9 0
10 0
15 34 9 2.23607
14 33 0 0
13 32 0 0
12 31 0 0
11 30 0 0
10 29 0 0
9 28 0 0
8 27 0 0
7 26 0 0
6 25 0 0
5 24 1 0
0 0
1 0.0743294
2 0.148659
3 0.222988
4 0.297318
5 0.371647
6 0.445976
7 0.520306
8 0.594635
9 0.668965
10 0
14 33 0 0
13 32 0 0
12 31 0 0
11 30 0 0
10 29 0 0
9 28 0 0
8 27 0 0
7 26 0 0
6 25 0 0
5 24 2 0.668965
5 23 0 0
0 0
1 0.156174
2 0.312348
3 0.468521
4 0.624695
5 0.780869
6 0.937043
7 1.09322
8 1.24939
9 0.624695
10 0
13 32 0 0
12 31 0 0
11 30 0 0
10 29 0 0
9 28 0 0
8 27 0 0
7 26 0 0
6 25 0 0
5 24 3 1.24939
5 23 0 0
5 22 0 0
0 0
1 0.24577
2 0.491539
3 0.737309
4 0.983078
5 1.22885
6 1.47462
7 1.72039
8 1.14692
9 0.573462
10 0
12 31 0 0
11 30 0 0
10 29 0 0
9 28 0 0
8 27 0 0
7 26 0 0
6 25 0 0
5 24 4 1.72039
5 23 0 0
5 22 0 0
5 21 0 0
0 0
1 0.342997
2 0.685994
3 1.02899
4 1.37199
5 1.71499
6 2.05798
7 1.54349
8 1.02899
9 0.514496
10 0
11 30 0 0
10 29 0 0
9 28 0 0
8 27 0 0
7 26 0 0
6 25 0 0
5 24 5 2.05798
5 23 0 0
5 22 0 0
5 21 0 0
5 20 0 0
0 0
1 0.447214
2 0.894427
3 1.34164
4 1.78885
5 2.23607
6 1.78885
7 1.34164
8 0.894427
9 0.447214
10 0
10 29 0 0
9 28 0 0
8 27 0 0
7 26 0 0
6 25 0 0
5 24 6 2.23607
5 23 0 0
5 22 0 0
5 21 0 0
5 20 0 0
5 19 0 0
0 0
1 0.557086
2 1.11417
3 1.67126
4 2.22834
5 1.85695
6 1.48556
7 1.11417
8 0.742781
9 0.371391
10 0
9 28 0 0
8 27 0 0
7 26 0 0
6 25 0 0
5 24 7 2.23607
5 23 0 0
5 22 0 0
5 21 0 0
5 20 0 0
5 19 0 0
5 18 0 0
0 0
1 0.670478
2 1.34096
3 2.01144
4 1.72409
5 1.43674
6 1.14939
7 0.862044
8 0.574696
9 0.287348
10 0
8 27 0 0
7 26 0 0
6 25 0 0
5 24 8 2.23607
5 23 0 0
5 22 0 0
5 21 0 0
5 20 0 0
5 19 0 0
5 18 0 0
5 17 0 0
0 0
1 0.784465
2 1.56893
3 1.37281
4 1.1767
5 0.980581
6 0.784465
7 0.588348
8 0.392232
9 0.196116
10 0
7 26 0 0
6 25 0 0
5 24 9 2.23607
5 23 0 0
5 22 0 0
5 21 0 0
5 20 0 0
5 19 0 0
5 18 0 0
5 17 0 0
5 16 0 0
0 0
1 0.895533
2 0.79603
3 0.696526
4 0.597022
5 0.497519
6 0.398015
7 0.298511
8 0.199007
9 0.0995037
10 0
0 0
1 0.0995037
2 0.199007
3 0.298511
4 0.398015
5 0.497519
6 0.597022
7 0.696526
8 0.79603
9 0.895533
10 0
0 0
1 0.196116
2 0.392232
3 0.588348
4 0.784465
5 0.980581
6 1.1767
7 1.37281
8 1.56893
9 0.784465
10 0
0 0
1 0.287348
2 0.574696
3 0.862044
4 1.14939
5 1.43674
6 1.72409
7 2.01144
8 1.34096
9 0.670478
10 0
0 0
1 0.371391
2 0.742781
3 1.11417
4 1.48556
5 1.85695
6 2.22834
7 1.67126
8 1.11417
9 0.557086
10 0
(5, 15, 4, 2.22834) (6, 14, 0, 0) (7, 13, 0, 0) (8, 12, 0, 0) (9, 11, 0, 0) 
(10, 10, 0, 0) (11, 9, 0, 0) (12, 8, 0, 0) (13, 7, 0, 0) (14, 6, 0, 0) 
(15, 5, 10, 2.23607) (16, 5, 0, 0) (17, 5, 0, 0) (18, 5, 0, 0) (19, 5, 0, 0) 
(20, 5, 0, 0) (21, 5, 0, 0) (22, 5, 0, 0) (23, 5, 0, 0) (24, 5, 9, 2.23607) 
(25, 6, 0, 0) (26, 7, 0, 0) (27, 8, 0, 0) (28, 9, 0, 0) (29, 10, 0, 0) 
(30, 11, 0, 0) (31, 12, 0, 0) (32, 13, 0, 0) (33, 14, 0, 0) (34, 15, 10, 2.23607) 
(34, 16, 0, 0) (34, 17, 0, 0) (34, 18, 0, 0) (34, 19, 0, 0) (34, 20, 0, 0) 
(34, 21, 0, 0) (34, 22, 0, 0) (34, 23, 0, 0) (34, 24, 9, 2.23607) (33, 25, 0, 0) 
(32, 26, 0, 0) (31, 27, 0, 0) (30, 28, 0, 0) (29, 29, 0, 0) (28, 30, 0, 0) 
(27, 31, 0, 0) (26, 32, 0, 0) (25, 33, 0, 0) (24, 34, 10, 2.23607) (23, 34, 0, 0) 
(22, 34, 0, 0) (21, 34, 0, 0) (20, 34, 0, 0) (19, 34, 0, 0) (18, 34, 0, 0) 
(17, 34, 0, 0) (16, 34, 0, 0) (15, 34, 9, 2.23607) (14, 33, 0, 0) (13, 32, 0, 0) 
(12, 31, 0, 0) (11, 30, 0, 0) (10, 29, 0, 0) (9, 28, 0, 0) (8, 27, 0, 0) 
(7, 26, 0, 0) (6, 25, 0, 0) (5, 24, 10, 2.23607) (5, 23, 0, 0) (5, 22, 0, 0) 
(5, 21, 0, 0) (5, 20, 0, 0) (5, 19, 0, 0) (5, 18, 0, 0) (5, 17, 0, 0) 
(5, 16, 0, 0) 