0 0
1 0.128037
2 0.256074
3 0.384111
4 0.512148
5 0.640184
6 0.768221
7 0.896258
8 1.0243
9 1.15233
10 1.28037
11 0.640184
12 0
5 15 0 0
6 14 0 0
7 13 0 0
8 12 0 0
9 11 0 0
10 10 0 0
11 9 0 0
12 8 0 0
13 7 0 0
14 6 0 0
15 5 1 1.28037
16 5 0 0
17 5 0 0
0 0
1 0.2
2 0.4
3 0.6
4 0.8
5 1
6 1.2
7 1.4
8 1.6
9 1.8
10 1.2
11 0.6
12 0
6 14 0 0
7 13 0 0
8 12 0 0
9 11 0 0
10 10 0 0
11 9 0 0
12 8 0 0
13 7 0 0
14 6 0 0
15 5 2 1.8
16 5 0 0
17 5 0 0
18 5 0 0
0 0
1 0.27735
2 0.5547
3 0.83205
4 1.1094
5 1.38675
6 1.6641
7 1.94145
8 2.2188
9 1.6641
10 1.1094
11 0.5547
12 0
7 13 0 0
8 12 0 0
9 11 0 0
10 10 0 0
11 9 0 0
12 8 0 0
13 7 0 0
14 6 0 0
15 5 3 2.2188
16 5 0 0
17 5 0 0
18 5 0 0
19 5 0 0
0 0
1 0.359908
2 0.719816
3 1.07972
4 1.43963
5 1.79954
6 2.15945
7 2.51936
8 2.01548
9 1.51161
10 1.00774
11 0.503871
12 0
8 12 0 0
9 11 0 0
10 10 0 0
11 9 0 0
12 8 0 0
13 7 0 0
14 6 0 0
15 5 4 2.51936
16 5 0 0
17 5 0 0
18 5 0 0
19 5 0 0
20 5 0 0
0 0
1 0.447214
2 0.894427
3 1.34164
4 1.78885
5 2.23607
6 2.68328
7 2.23607
8 1.78885
9 1.34164
10 0.894427
11 0.447214
12 0
9 11 0 0
10 10 0 0
11 9 0 0
12 8 0 0
13 7 0 0
14 6 0 0
15 5 5 2.68328
16 5 0 0
17 5 0 0
18 5 0 0
19 5 0 0
20 5 0 0
21 5 0 0
0 0
1 0.538462
2 1.07692
3 1.61538
4 2.15385
5 2.69231
6 2.30769
7 1.92308
8 1.53846
9 1.15385
10 0.769231
11 0.384615
12 0
10 10 0 0
11 9 0 0
12 8 0 0
13 7 0 0
14 6 0 0
15 5 6 2.69231
16 5 0 0
17 5 0 0
18 5 0 0
19 5 0 0
20 5 0 0
21 5 0 0
22 5 0 0
0 0
1 0.632456
2 1.26491
3 1.89737
4 2.52982
5 2.21359
6 1.89737
7 1.58114
8 1.26491
9 0.948683
10 0.632456
11 0.316228
12 0
11 9 0 0
12 8 0 0
13 7 0 0
14 6 0 0
15 5 7 2.69231
16 5 0 0
17 5 0 0
18 5 0 0
19 5 0 0
20 5 0 0
21 5 0 0
22 5 0 0
23 5 0 0
0 0
1 0.727607
2 1.45521
3 2.18282
4 1.94029
5 1.69775
6 1.45521
7 1.21268
8 0.970143
9 0.727607
10 0.485071
11 0.242536
12 0
12 8 0 0
13 7 0 0
14 6 0 0
15 5 8 2.69231
16 5 0 0
17 5 0 0
18 5 0 0
19 5 0 0
20 5 0 0
21 5 0 0
22 5 0 0
23 5 0 0
24 5 0 0
0 0
1 0.9135
2 1.827
3 1.74396
4 1.66091
5 1.57786
6 1.49482
7 1.41177
8 1.32873
9 1.24568
10 1.16264
11 1.07959
12 0
13 7 0 0
14 6 0 0
15 5 9 2.69231
16 5 0 0
17 5 0 0
18 5 0 0
19 5 0 0
20 5 0 0
21 5 0 0
22 5 0 0
23 5 0 0
24 5 0 0
25 6 0 0
0 0
1 1.07959
2 1.16264
3 1.24568
4 1.32873
5 1.41177
6 1.49482
7 1.57786
8 1.66091
9 1.74396
10 1.827
11 0.9135
12 0
14 6 0 0
15 5 9 2.69231
16 5 0 0
17 5 0 0
18 5 0 0
19 5 0 0
20 5 0 0
21 5 0 0
22 5 0 0
23 5 0 0
24 5 1 1.827
25 6 0 0
26 7 0 0
0 0
1 0.242536
2 0.485071
3 0.727607
4 0.970143
5 1.21268
6 1.45521
7 1.69775
8 1.94029
9 2.18282
10 1.45521
11 0.727607
12 0
15 5 9 2.69231
16 5 0 0
17 5 0 0
18 5 0 0
19 5 0 0
20 5 0 0
21 5 0 0
22 5 0 0
23 5 0 0
24 5 2 2.18282
25 6 0 0
26 7 0 0
27 8 0 0
0 0
1 0.316228
2 0.632456
3 0.948683
4 1.26491
5 1.58114
6 1.89737
7 2.21359
8 2.52982
9 1.89737
10 1.26491
11 0.632456
12 0
16 5 0 0
17 5 0 0
18 5 0 0
19 5 0 0
20 5 0 0
21 5 0 0
22 5 0 0
23 5 0 0
24 5 3 2.52982
25 6 0 0
26 7 0 0
27 8 0 0
28 9 0 0
0 0
1 0.384615
2 0.769231
3 1.15385
4 1.53846
5 1.92308
6 2.30769
7 2.69231
8 2.15385
9 1.61538
10 1.07692
11 0.538462
12 0
17 5 0 0
18 5 0 0
19 5 0 0
20 5 0 0
21 5 0 0
22 5 0 0
23 5 0 0
24 5 4 2.69231
25 6 0 0
26 7 0 0
27 8 0 0
28 9 0 0
29 10 0 0
0 0
1 0.447214
2 0.894427
3 1.34164
4 1.78885
5 2.23607
6 2.68328
7 2.23607
8 1.78885
9 1.34164
10 0.894427
11 0.447214
12 0
18 5 0 0
19 5 0 0
20 5 0 0
21 5 0 0
22 5 0 0
23 5 0 0
24 5 5 2.69231
25 6 0 0
26 7 0 0
27 8 0 0
28 9 0 0
29 10 0 0
30 11 0 0
0 0
1 0.503871
2 1.00774
3 1.51161
4 2.01548
5 2.51936
6 2.15945
7 1.79954
8 1.43963
9 1.07972
10 0.719816
11 0.359908
12 0
19 5 0 0
20 5 0 0
21 5 0 0
22 5 0 0
23 5 0 0
24 5 6 2.69231
25 6 0 0
26 7 0 0
27 8 0 0
28 9 0 0
29 10 0 0
30 11 0 0
31 12 0 0
0 0
1 0.5547
2 1.1094
3 1.6641
4 2.2188
5 1.94145
6 1.6641
7 1.38675
8 1.1094
9 0.83205
10 0.5547
11 0.27735
12 0
20 5 0 0
21 5 0 0
22 5 0 0
23 5 0 0
24 5 7 2.69231
25 6 0 0
26 7 0 0
27 8 0 0
28 9 0 0
29 10 0 0
30 11 0 0
31 12 0 0
32 13 0 0
0 0
1 0.6
2 1.2
3 1.8
4 1.6
5 1.4
6 1.2
7 1
8 0.8
9 0.6
10 0.4
11 0.2
12 0
21 5 0 0
22 5 0 0
23 5 0 0
24 5 8 2.69231
25 6 0 0
26 7 0 0
27 8 0 0
28 9 0 0
29 10 0 0
30 11 0 0
31 12 0 0
32 13 0 0
33 14 0 0
0 0
1 0.640184
2 1.28037
3 1.15233
4 1.0243
5 0.896258
6 0.768221
7 0.640184
8 0.512148
9 0.384111
10 0.256074
11 0.128037
12 0
22 5 0 0
23 5 0 0
24 5 9 2.69231
25 6 0 0
26 7 0 0
27 8 0 0
28 9 0 0
29 10 0 0
30 11 0 0
31 12 0 0
32 13 0 0
33 14 0 0
34 15 0 0
0 0
1 0.707107
2 0.707107
3 0.707107
4 0.707107
5 0.707107
6 0.707107
7 0.707107
8 0.707107
9 0.707107
10 0.707107
11 0.707107
12 0
23 5 0 0
24 5 9 2.69231
25 6 0 0
26 7 0 0
27 8 0 0
28 9 0 0
29 10 0 0
30 11 0 0
31 12 0 0
32 13 0 0
33 14 0 0
34 15 1 0.707107
34 16 0 0
0 0
1 0.128037
2 0.256074
3 0.384111
4 0.512148
5 0.640184
6 0.768221
7 0.896258
8 1.0243
9 1.15233
10 1.28037
11 0.640184
12 0
24 5 9 2.69231
25 6 0 0
26 7 0 0
27 8 0 0
28 9 0 0
29 10 0 0
30 11 0 0
31 12 0 0
32 13 0 0
33 14 0 0
34 15 2 1.28037
34 16 0 0
34 17 0 0
0 0
1 0.2
2 0.4
3 0.6
4 0.8
5 1
6 1.2
7 1.4
8 1.6
9 1.8
10 1.2
11 0.6
12 0
25 6 0 0
26 7 0 0
27 8 0 0
28 9 0 0
29 10 0 0
30 11 0 0
31 12 0 0
32 13 0 0
33 14 0 0
34 15 3 1.8
34 16 0 0
34 17 0 0
34 18 0 0
0 0
1 0.27735
2 0.5547
3 0.83205
4 1.1094
5 1.38675
6 1.6641
7 1.94145
8 2.2188
9 1.6641
10 1.1094
11 0.5547
12 0
26 7 0 0
27 8 0 0
28 9 0 0
29 10 0 0
30 11 0 0
31 12 0 0
32 13 0 0
33 14 0 0
34 15 4 2.2188
34 16 0 0
34 17 0 0
34 18 0 0
34 19 0 0
0 0
1 0.359908
2 0.719816
3 1.07972
4 1.43963
5 1.79954
6 2.15945
7 2.51936
8 2.01548
9 1.51161
10 1.00774
11 0.503871
12 0
27 8 0 0
28 9 0 0
29 10 0 0
30 11 0 0
31 12 0 0
32 13 0 0
33 14 0 0
34 15 5 2.51936
34 16 0 0
34 17 0 0
34 18 0 0
34 19 0 0
34 20 0 0
0 0
1 0.447214
2 0.894427
3 1.34164
4 1.78885
5 2.23607
6 2.68328
7 2.23607
8 1.78885
9 1.34164
10 0.894427
11 0.447214
12 0
28 9 0 0
29 10 0 0
30 11 0 0
31 12 0 0
32 13 0 0
33 14 0 0
34 15 6 2.68328
34 16 0 0
34 17 0 0
34 18 0 0
34 19 0 0
34 20 0 0
34 21 0 0
0 0
1 0.538462
2 1.07692
3 1.61538
4 2.15385
5 2.69231
6 2.30769
7 1.92308
8 1.53846
9 1.15385
10 0.769231
11 0.384615
12 0
29 10 0 0
30 11 0 0
31 12 0 0
32 13 0 0
33 14 0 0
34 15 7 2.69231
34 16 0 0
34 17 0 0
34 18 0 0
34 19 0 0
34 20 0 0
34 21 0 0
34 22 0 0
0 0
1 0.632456
2 1.26491
3 1.89737
4 2.52982
5 2.21359
6 1.89737
7 1.58114
8 1.26491
9 0.948683
10 0.632456
11 0.316228
12 0
30 11 0 0
31 12 0 0
32 13 0 0
33 14 0 0
34 15 8 2.69231
34 16 0 0
34 17 0 0
34 18 0 0
34 19 0 0
34 20 0 0
34 21 0 0
34 22 0 0
34 23 0 0
0 0
1 0.727607
2 1.45521
3 2.18282
4 1.94029
5 1.69775
6 1.45521
7 1.21268
8 0.970143
9 0.727607
10 0.485071
11 0.242536
12 0
31 12 0 0
32 13 0 0
33 14 0 0
34 15 9 2.69231
34 16 0 0
34 17 0 0
34 18 0 0
34 19 0 0
34 20 0 0
34 21 0 0
34 22 0 0
34 23 0 0
34 24 0 0
0 0
1 0.9135
2 1.827
3 1.74396
4 1.66091
5 1.57786
6 1.49482
7 1.41177
8 1.32873
9 1.24568
10 1.16264
11 1.07959
12 0
32 13 0 0
33 14 0 0
34 15 10 2.69231
34 16 0 0
34 17 0 0
34 18 0 0
34 19 0 0
34 20 0 0
34 21 0 0
34 22 0 0
34 23 0 0
34 24 0 0
33 25 0 0
0 0
1 1.07959
2 1.16264
3 1.24568
4 1.32873
5 1.41177
6 1.49482
7 1.57786
8 1.66091
9 1.74396
10 1.827
11 0.9135
12 0
33 14 0 0
34 15 10 2.69231
34 16 0 0
34 17 0 0
34 18 0 0
34 19 0 0
34 20 0 0
34 21 0 0
34 22 0 0
34 23 0 0
34 24 1 1.827
33 25 0 0
32 26 0 0
0 0
1 0.242536
2 0.485071
3 0.727607
4 0.970143
5 1.21268
6 1.45521
7 1.69775
8 1.94029
9 2.18282
10 1.45521
11 0.727607
12 0
34 15 10 2.69231
34 16 0 0
34 17 0 0
34 18 0 0
34 19 0 0
34 20 0 0
34 21 0 0
34 22 0 0
34 23 0 0
34 24 2 2.18282
33 25 0 0
32 26 0 0
31 27 0 0
0 0
1 0.316228
2 0.632456
3 0.948683
4 1.26491
5 1.58114
6 1.89737
7 2.21359
8 2.52982
9 1.89737
10 1.26491
11 0.632456
12 0
34 16 0 0
34 17 0 0
34 18 0 0
34 19 0 0
34 20 0 0
34 21 0 0
34 22 0 0
34 23 0 0
34 24 3 2.52982
33 25 0 0
32 26 0 0
31 27 0 0
30 28 0 0
0 0
1 0.384615
2 0.769231
3 1.15385
4 1.53846
5 1.92308
6 2.30769
7 2.69231
8 2.15385
9 1.61538
10 1.07692
11 0.538462
12 0
34 17 0 0
34 18 0 0
34 19 0 0
34 20 0 0
34 21 0 0
34 22 0 0
34 23 0 0
34 24 4 2.69231
33 25 0 0
32 26 0 0
31 27 0 0
30 28 0 0
29 29 0 0
0 0
1 0.447214
2 0.894427
3 1.34164
4 1.78885
5 2.23607
6 2.68328
7 2.23607
8 1.78885
9 1.34164
10 0.894427
11 0.447214
12 0
34 18 0 0
34 19 0 0
34 20 0 0
34 21 0 0
34 22 0 0
34 23 0 0
34 24 5 2.69231
33 25 0 0
32 26 0 0
31 27 0 0
30 28 0 0
29 29 0 0
28 30 0 0
0 0
1 0.503871
2 1.00774
3 1.51161
4 2.01548
5 2.51936
6 2.15945
7 1.79954
8 1.43963
9 1.07972
10 0.719816
11 0.359908
12 0
34 19 0 0
34 20 0 0
34 21 0 0
34 22 0 0
34 23 0 0
34 24 6 2.69231
33 25 0 0
32 26 0 0
31 27 0 0
30 28 0 0
29 29 0 0
28 30 0 0
27 31 0 0
0 0
1 0.5547
2 1.1094
3 1.6641
4 2.2188
5 1.94145
6 1.6641
7 1.38675
8 1.1094
9 0.83205
10 0.5547
11 0.27735
12 0
34 20 0 0
34 21 0 0
34 22 0 0
34 23 0 0
34 24 7 2.69231
33 25 0 0
32 26 0 0
31 27 0 0
30 28 0 0
29 29 0 0
28 30 0 0
27 31 0 0
26 32 0 0
0 0
1 0.6
2 1.2
3 1.8
4 1.6
5 1.4
6 1.2
7 1
8 0.8
9 0.6
10 0.4
11 0.2
12 0
34 21 0 0
34 22 0 0
34 23 0 0
34 24 8 2.69231
33 25 0 0
32 26 0 0
31 27 0 0
30 28 0 0
29 29 0 0
28 30 0 0
27 31 0 0
26 32 0 0
25 33 0 0
0 0
1 0.640184
2 1.28037
3 1.15233
4 1.0243
5 0.896258
6 0.768221
7 0.640184
8 0.512148
9 0.384111
10 0.256074
11 0.128037
12 0
34 22 0 0
34 23 0 0
34 24 9 2.69231
33 25 0 0
32 26 0 0
31 27 0 0
30 28 0 0
29 29 0 0
28 30 0 0
27 31 0 0
26 32 0 0
25 33 0 0
24 34 0 0
0 0
1 0.707107
2 0.707107
3 0.707107
4 0.707107
5 0.707107
6 0.707107
7 0.707107
8 0.707107
9 0.707107
10 0.707107
11 0.707107
12 0
34 23 0 0
34 24 9 2.69231
33 25 0 0
32 26 0 0
31 27 0 0
30 28 0 0
29 29 0 0
28 30 0 0
27 31 0 0
26 32 0 0
25 33 0 0
24 34 1 0.707107
23 34 0 0
0 0
1 0.128037
2 0.256074
3 0.384111
4 0.512148
5 0.640184
6 0.768221
7 0.896258
8 1.0243
9 1.15233
10 1.28037
11 0.640184
12 0
34 24 9 2.69231
33 25 0 0
32 26 0 0
31 27 0 0
30 28 0 0
29 29 0 0
28 30 0 0
27 31 0 0
26 32 0 0
25 33 0 0
24 34 2 1.28037
23 34 0 0
22 34 0 0
0 0
1 0.2
2 0.4
3 0.6
4 0.8
5 1
6 1.2
7 1.4
8 1.6
9 1.8
10 1.2
11 0.6
12 0
33 25 0 0
32 26 0 0
31 27 0 0
30 28 0 0
29 29 0 0
28 30 0 0
27 31 0 0
26 32 0 0
25 33 0 0
24 34 3 1.8
23 34 0 0
22 34 0 0
21 34 0 0
0 0
1 0.27735
2 0.5547
3 0.83205
4 1.1094
5 1.38675
6 1.6641
7 1.94145
8 2.2188
9 1.6641
10 1.1094
11 0.5547
12 0
32 26 0 0
31 27 0 0
30 28 0 0
29 29 0 0
28 30 0 0
27 31 0 0
26 32 0 0
25 33 0 0
24 34 4 2.2188
23 34 0 0
22 34 0 0
21 34 0 0
20 34 0 0
0 0
1 0.359908
2 0.719816
3 1.07972
4 1.43963
5 1.79954
6 2.15945
7 2.51936
8 2.01548
9 1.51161
10 1.00774
11 0.503871
12 0
31 27 0 0
30 28 0 0
29 29 0 0
28 30 0 0
27 31 0 0
26 32 0 0
25 33 0 0
24 34 5 2.51936
23 34 0 0
22 34 0 0
21 34 0 0
20 34 0 0
19 34 0 0
0 0
1 0.447214
2 0.894427
3 1.34164
4 1.78885
5 2.23607
6 2.68328
7 2.23607
8 1.78885
9 1.34164
10 0.894427
11 0.447214
12 0
30 28 0 0
29 29 0 0
28 30 0 0
27 31 0 0
26 32 0 0
25 33 0 0
24 34 6 2.68328
23 34 0 0
22 34 0 0
21 34 0 0
20 34 0 0
19 34 0 0
18 34 0 0
0 0
1 0.538462
2 1.07692
3 1.61538
4 2.15385
5 2.69231
6 2.30769
7 1.92308
8 1.53846
9 1.15385
10 0.769231
11 0.384615
12 0
29 29 0 0
28 30 0 0
27 31 0 0
26 32 0 0
25 33 0 0
24 34 7 2.69231
23 34 0 0
22 34 0 0
21 34 0 0
20 34 0 0
19 34 0 0
18 34 0 0
17 34 0 0
0 0
1 0.632456
2 1.26491
3 1.89737
4 2.52982
5 2.21359
6 1.89737
7 1.58114
8 1.26491
9 0.948683
10 0.632456
11 0.316228
12 0
28 30 0 0
27 31 0 0
26 32 0 0
25 33 0 0
24 34 8 2.69231
23 34 0 0
22 34 0 0
21 34 0 0
20 34 0 0
19 34 0 0
18 34 0 0
17 34 0 0
16 34 0 0
0 0
1 0.727607
2 1.45521
3 2.18282
4 1.94029
5 1.69775
6 1.45521
7 1.21268
8 0.970143
9 0.727607
10 0.485071
11 0.242536
12 0
27 31 0 0
26 32 0 0
25 33 0 0
24 34 9 2.69231
23 34 0 0
22 34 0 0
21 34 0 0
20 34 0 0
19 34 0 0
18 34 0 0
17 34 0 0
16 34 0 0
15 34 0 0
0 0
1 0.9135
2 1.827
3 1.74396
4 1.66091
5 1.57786
6 1.49482
7 1.41177
8 1.32873
9 1.24568
10 1.16264
11 1.07959
12 0
26 32 0 0
25 33 0 0
24 34 10 2.69231
23 34 0 0
22 34 0 0
21 34 0 0
20 34 0 0
19 34 0 0
18 34 0 0
17 34 0 0
16 34 0 0
15 34 0 0
14 33 0 0
0 0
1 1.07959
2 1.16264
3 1.24568
4 1.32873
5 1.41177
6 1.49482
7 1.57786
8 1.66091
9 1.74396
10 1.827
11 0.9135
12 0
25 33 0 0
24 34 10 2.69231
23 34 0 0
22 34 0 0
21 34 0 0
20 34 0 0
19 34 0 0
18 34 0 0
17 34 0 0
16 34 0 0
15 34 1 1.827
14 33 0 0
13 32 0 0
0 0
1 0.242536
2 0.485071
3 0.727607
4 0.970143
5 1.21268
6 1.45521
7 1.69775
8 1.94029
9 2.18282
10 1.45521
11 0.727607
12 0
24 34 10 2.69231
23 34 0 0
22 34 0 0
21 34 0 0
20 34 0 0
19 34 0 0
18 34 0 0
17 34 0 0
16 34 0 0
15 34 2 2.18282
14 33 0 0
13 32 0 0
12 31 0 0
0 0
1 0.316228
2 0.632456
3 0.948683
4 1.26491
5 1.58114
6 1.89737
7 2.21359
8 2.52982
9 1.89737
10 1.26491
11 0.632456
12 0
23 34 0 0
22 34 0 0
21 34 0 0
20 34 0 0
19 34 0 0
18 34 0 0
17 34 0 0
16 34 0 0
15 34 3 2.52982
14 33 0 0
13 32 0 0
12 31 0 0
11 30 0 0
0 0
1 0.384615
2 0.769231
3 1.15385
4 1.53846
5 1.92308
6 2.30769
7 2.69231
8 2.15385
9 1.61538
10 1.07692
11 0.538462
12 0
22 34 0 0
21 34 0 0
20 34 0 0
19 34 0 0
18 34 0 0
17 34 0 0
16 34 0 0
15 34 4 2.69231
14 33 0 0
13 32 0 0
12 31 0 0
11 30 0 0
10 29 0 0
0 0
1 0.447214
2 0.894427
3 1.34164
4 1.78885
5 2.23607
6 2.68328
7 2.23607
8 1.78885
9 1.34164
10 0.894427
11 0.447214
12 0
21 34 0 0
20 34 0 0
19 34 0 0
18 34 0 0
17 34 0 0
16 34 0 0
15 34 5 2.69231
14 33 0 0
13 32 0 0
12 31 0 0
11 30 0 0
10 29 0 0
9 28 0 0
0 0
1 0.503871
2 1.00774
3 1.51161
4 2.01548
5 2.51936
6 2.15945
7 1.79954
8 1.43963
9 1.07972
10 0.719816
11 0.359908
12 0
20 34 0 0
19 34 0 0
18 34 0 0
17 34 0 0
16 34 0 0
15 34 6 2.69231
14 33 0 0
13 32 0 0
12 31 0 0
11 30 0 0
10 29 0 0
9 28 0 0
8 27 0 0
0 0
1 0.5547
2 1.1094
3 1.6641
4 2.2188
5 1.94145
6 1.6641
7 1.38675
8 1.1094
9 0.83205
10 0.5547
11 0.27735
12 0
19 34 0 0
18 34 0 0
17 34 0 0
16 34 0 0
15 34 7 2.69231
14 33 0 0
13 32 0 0
12 31 0 0
11 30 0 0
10 29 0 0
9 28 0 0
8 27 0 0
7 26 0 0
0 0
1 0.6
2 1.2
3 1.8
4 1.6
5 1.4
6 1.2
7 1
8 0.8
9 0.6
10 0.4
11 0.2
12 0
18 34 0 0
17 34 0 0
16 34 0 0
15 34 8 2.69231
14 33 0 0
13 32 0 0
12 31 0 0
11 30 0 0
10 29 0 0
9 28 0 0
8 27 0 0
7 26 0 0
6 25 0 0
0 0
1 0.640184
2 1.28037
3 1.15233
4 1.0243
5 0.896258
6 0.768221
7 0.640184
8 0.512148
9 0.384111
10 0.256074
11 0.128037
12 0
17 34 0 0
16 34 0 0
15 34 9 2.69231
14 33 0 0
13 32 0 0
12 31 0 0
11 30 0 0
10 29 0 0
9 28 0 0
8 27 0 0
7 26 0 0
6 25 0 0
5 24 0 0
0 0
1 0.707107
2 0.707107
3 0.707107
4 0.707107
5 0.707107
6 0.707107
7 0.707107
8 0.707107
9 0.707107
10 0.707107
11 0.707107
12 0
16 34 0 0
15 34 9 2.69231
14 33 0 0
13 32 0 0
12 31 0 0
11 30 0 0
10 29 0 0
9 28 0 0
8 27 0 0
7 26 0 0
6 25 0 0
5 24 1 0.707107
5 23 0 0
0 0
1 0.128037
2 0.256074
3 0.384111
4 0.512148
5 0.640184
6 0.768221
7 0.896258
8 1.0243
9 1.15233
10 1.28037
11 0.640184
12 0
15 34 9 2.69231
14 33 0 0
13 32 0 0
12 31 0 0
11 30 0 0
10 29 0 0
9 28 0 0
8 27 0 0
7 26 0 0
6 25 0 0
5 24 2 1.28037
5 23 0 0
5 22 0 0
0 0
1 0.2
2 0.4
3 0.6
4 0.8
5 1
6 1.2
7 1.4
8 1.6
9 1.8
10 1.2
11 0.6
12 0
14 33 0 0
13 32 0 0
12 31 0 0
11 30 0 0
10 29 0 0
9 28 0 0
8 27 0 0
7 26 0 0
6 25 0 0
5 24 3 1.8
5 23 0 0
5 22 0 0
5 21 0 0
0 0
1 0.27735
2 0.5547
3 0.83205
4 1.1094
5 1.38675
6 1.6641
7 1.94145
8 2.2188
9 1.6641
10 1.1094
11 0.5547
12 0
13 32 0 0
12 31 0 0
11 30 0 0
10 29 0 0
9 28 0 0
8 27 0 0
7 26 0 0
6 25 0 0
5 24 4 2.2188
5 23 0 0
5 22 0 0
5 21 0 0
5 20 0 0
0 0
1 0.359908
2 0.719816
3 1.07972
4 1.43963
5 1.79954
6 2.15945
7 2.51936
8 2.01548
9 1.51161
10 1.00774
11 0.503871
12 0
12 31 0 0
11 30 0 0
10 29 0 0
9 28 0 0
8 27 0 0
7 26 0 0
6 25 0 0
5 24 5 2.51936
5 23 0 0
5 22 0 0
5 21 0 0
5 20 0 0
5 19 0 0
0 0
1 0.447214
2 0.894427
3 1.34164
4 1.78885
5 2.23607
6 2.68328
7 2.23607
8 1.78885
9 1.34164
10 0.894427
11 0.447214
12 0
11 30 0 0
10 29 0 0
9 28 0 0
8 27 0 0
7 26 0 0
6 25 0 0
5 24 6 2.68328
5 23 0 0
5 22 0 0
5 21 0 0
5 20 0 0
5 19 0 0
5 18 0 0
0 0
1 0.538462
2 1.07692
3 1.61538
4 2.15385
5 2.69231
6 2.30769
7 1.92308
8 1.53846
9 1.15385
10 0.769231
11 0.384615
12 0
10 29 0 0
9 28 0 0
8 27 0 0
7 26 0 0
6 25 0 0
5 24 7 2.69231
5 23 0 0
5 22 0 0
5 21 0 0
5 20 0 0
5 19 0 0
5 18 0 0
5 17 0 0
0 0
1 0.632456
2 1.26491
3 1.89737
4 2.52982
5 2.21359
6 1.89737
7 1.58114
8 1.26491
9 0.948683
10 0.632456
11 0.316228
12 0
9 28 0 0
8 27 0 0
7 26 0 0
6 25 0 0
5 24 8 2.69231
5 23 0 0
5 22 0 0
5 21 0 0
5 20 0 0
5 19 0 0
5 18 0 0
5 17 0 0
5 16 0 0
0 0
1 0.727607
2 1.45521
3 2.18282
4 1.94029
5 1.69775
6 1.45521
7 1.21268
8 0.970143
9 0.727607
10 0.485071
11 0.242536
12 0
0 0
1 0.9135
2 1.827
3 1.74396
4 1.66091
5 1.57786
6 1.49482
7 1.41177
8 1.32873
9 1.24568
10 1.16264
11 1.07959
12 0
0 0
1 1.07959
2 1.16264
3 1.24568
4 1.32873
5 1.41177
6 1.49482
7 1.57786
8 1.66091
9 1.74396
10 1.827
11 0.9135
12 0
0 0
1 0.242536
2 0.485071
3 0.727607
4 0.970143
5 1.21268
6 1.45521
7 1.69775
8 1.94029
9 2.18282
10 1.45521
11 0.727607
12 0
0 0
1 0.316228
2 0.632456
3 0.948683
4 1.26491
5 1.58114
6 1.89737
7 2.21359
8 2.52982
9 1.89737
10 1.26491
11 0.632456
12 0
0 0
1 0.384615
2 0.769231
3 1.15385
4 1.53846
5 1.92308
6 2.30769
7 2.69231
8 2.15385
9 1.61538
10 1.07692
11 0.538462
12 0
(5, 15, 4, 2.69231) (6, 14, 0, 0) (7, 13, 0, 0) (8, 12, 0, 0) (9, 11, 0, 0) 
(10, 10, 0, 0) (11, 9, 0, 0) (12, 8, 0, 0) (13, 7, 0, 0) (14, 6, 0, 0) 
(15, 5, 9, 2.69231) (16, 5, 0, 0) (17, 5, 0, 0) (18, 5, 0, 0) (19, 5, 0, 0) 
(20, 5, 0, 0) (21, 5, 0, 0) (22, 5, 0, 0) (23, 5, 0, 0) (24, 5, 9, 2.69231) 
(25, 6, 0, 0) (26, 7, 0, 0) (27, 8, 0, 0) (28, 9, 0, 0) (29, 10, 0, 0) 
(30, 11, 0, 0) (31, 12, 0, 0) (32, 13, 0, 0) (33, 14, 0, 0) (34, 15, 10, 2.69231) 
(34, 16, 0, 0) (34, 17, 0, 0) (34, 18, 0, 0) (34, 19, 0, 0) (34, 20, 0, 0) 
(34, 21, 0, 0) (34, 22, 0, 0) (34, 23, 0, 0) (34, 24, 9, 2.69231) (33, 25, 0, 0) 
(32, 26, 0, 0) (31, 27, 0, 0) (30, 28, 0, 0) (29, 29, 0, 0) (28, 30, 0, 0) 
(27, 31, 0, 0) (26, 32, 0, 0) (25, 33, 0, 0) (24, 34, 10, 2.69231) (23, 34, 0, 0) 
(22, 34, 0, 0) (21, 34, 0, 0) (20, 34, 0, 0) (19, 34, 0, 0) (18, 34, 0, 0) 
(17, 34, 0, 0) (16, 34, 0, 0) (15, 34, 9, 2.69231) (14, 33, 0, 0) (13, 32, 0, 0) 
(12, 31, 0, 0) (11, 30, 0, 0) (10, 29, 0, 0) (9, 28, 0, 0) (8, 27, 0, 0) 
(7, 26, 0, 0) (6, 25, 0, 0) (5, 24, 10, 2.69231) (5, 23, 0, 0) (5, 22, 0, 0) 
(5, 21, 0, 0) (5, 20, 0, 0) (5, 19, 0, 0) (5, 18, 0, 0) (5, 17, 0, 0) 
(5, 16, 0, 0) 