0 0
1 0
2 0
3 0
4 0
5 0
6 0
7 0
8 0
5 15 0 0
6 14 0 0
7 13 0 0
8 12 0 0
9 11 0 0
10 10 0 0
11 9 0 0
12 8 0 0
13 7 1 0
0 0
1 0
2 0
3 0
4 0
5 0
6 0
7 0
8 0
6 14 0 0
7 13 0 0
8 12 0 0
9 11 0 0
10 10 0 0
11 9 0 0
12 8 0 0
13 7 1 0
14 6 1 0
0 0
1 0
2 0
3 0
4 0
5 0
6 0
7 0
8 0
7 13 0 0
8 12 0 0
9 11 0 0
10 10 0 0
11 9 0 0
12 8 0 0
13 7 1 0
14 6 1 0
15 5 1 0
0 0
1 0.0940721
2 0.188144
3 0.282216
4 0.376288
5 0.47036
6 0.564433
7 0.658505
8 0
8 12 0 0
9 11 0 0
10 10 0 0
11 9 0 0
12 8 0 0
13 7 1 0
14 6 1 0
15 5 2 0.658505
16 5 0 0
0 0
1 0.2
2 0.4
3 0.6
4 0.8
5 1
6 1.2
7 0.6
8 0
9 11 0 0
10 10 0 0
11 9 0 0
12 8 0 0
13 7 1 0
14 6 1 0
15 5 3 1.2
16 5 0 0
17 5 0 0
0 0
1 0.317999
2 0.635999
3 0.953998
4 1.272
5 1.59
6 1.06
7 0.529999
8 0
10 10 0 0
11 9 0 0
12 8 0 0
13 7 1 0
14 6 1 0
15 5 4 1.59
16 5 0 0
17 5 0 0
18 5 0 0
0 0
1 0.447214
2 0.894427
3 1.34164
4 1.78885
5 1.34164
6 0.894427
7 0.447214
8 0
11 9 0 0
12 8 0 0
13 7 1 0
14 6 1 0
15 5 5 1.78885
16 5 0 0
17 5 0 0
18 5 0 0
19 5 0 0
0 0
1 0.585206
2 1.17041
3 1.75562
4 1.40449
5 1.05337
6 0.702247
7 0.351123
8 0
12 8 0 0
13 7 1 0
14 6 1 0
15 5 6 1.78885
16 5 0 0
17 5 0 0
18 5 0 0
19 5 0 0
20 5 0 0
0 0
1 0.727607
2 1.45521
3 1.21268
4 0.970143
5 0.727607
6 0.485071
7 0.242536
8 0
13 7 1 0
14 6 1 0
15 5 7 1.78885
16 5 0 0
17 5 0 0
18 5 0 0
19 5 0 0
20 5 0 0
21 5 0 0
0 0
1 0.868243
2 0.744208
3 0.620174
4 0.496139
5 0.372104
6 0.248069
7 0.124035
8 0
14 6 1 0
15 5 8 1.78885
16 5 0 0
17 5 0 0
18 5 0 0
19 5 0 0
20 5 0 0
21 5 0 0
22 5 0 0
0 0
1 0
2 0
3 0
4 0
5 0
6 0
7 0
8 0
15 5 8 1.78885
16 5 0 0
17 5 0 0
18 5 0 0
19 5 0 0
20 5 0 0
21 5 0 0
22 5 0 0
23 5 1 0
0 0
1 0
2 0
3 0
4 0
5 0
6 0
7 0
8 0
16 5 0 0
17 5 0 0
18 5 0 0
19 5 0 0
20 5 0 0
21 5 0 0
22 5 0 0
23 5 1 0
24 5 1 0
0 0
1 0.124035
2 0.248069
3 0.372104
4 0.496139
5 0.620174
6 0.744208
7 0.868243
8 0
17 5 0 0
18 5 0 0
19 5 0 0
20 5 0 0
21 5 0 0
22 5 0 0
23 5 1 0
24 5 2 0.868243
25 6 0 0
0 0
1 0.242536
2 0.485071
3 0.727607
4 0.970143
5 1.21268
6 1.45521
7 0.727607
8 0
18 5 0 0
19 5 0 0
20 5 0 0
21 5 0 0
22 5 0 0
23 5 1 0
24 5 3 1.45521
25 6 0 0
26 7 0 0
0 0
1 0.351123
2 0.702247
3 1.05337
4 1.40449
5 1.75562
6 1.17041
7 0.585206
8 0
19 5 0 0
20 5 0 0
21 5 0 0
22 5 0 0
23 5 1 0
24 5 4 1.75562
25 6 0 0
26 7 0 0
27 8 0 0
0 0
1 0.447214
2 0.894427
3 1.34164
4 1.78885
5 1.34164
6 0.894427
7 0.447214
8 0
20 5 0 0
21 5 0 0
22 5 0 0
23 5 1 0
24 5 5 1.78885
25 6 0 0
26 7 0 0
27 8 0 0
28 9 0 0
0 0
1 0.529999
2 1.06
3 1.59
4 1.272
5 0.953998
6 0.635999
7 0.317999
8 0
21 5 0 0
22 5 0 0
23 5 1 0
24 5 6 1.78885
25 6 0 0
26 7 0 0
27 8 0 0
28 9 0 0
29 10 0 0
0 0
1 0.6
2 1.2
3 1
4 0.8
5 0.6
6 0.4
7 0.2
8 0
22 5 0 0
23 5 1 0
24 5 7 1.78885
25 6 0 0
26 7 0 0
27 8 0 0
28 9 0 0
29 10 0 0
30 11 0 0
0 0
1 0.658505
2 0.564433
3 0.47036
4 0.376288
5 0.282216
6 0.188144
7 0.0940721
8 0
23 5 1 0
24 5 8 1.78885
25 6 0 0
26 7 0 0
27 8 0 0
28 9 0 0
29 10 0 0
30 11 0 0
31 12 0 0
0 0
1 0
2 0
3 0
4 0
5 0
6 0
7 0
8 0
24 5 8 1.78885
25 6 0 0
26 7 0 0
27 8 0 0
28 9 0 0
29 10 0 0
30 11 0 0
31 12 0 0
32 13 1 0
0 0
1 0
2 0
3 0
4 0
5 0
6 0
7 0
8 0
25 6 0 0
26 7 0 0
27 8 0 0
28 9 0 0
29 10 0 0
30 11 0 0
31 12 0 0
32 13 1 0
33 14 1 0
0 0
1 0
2 0
3 0
4 0
5 0
6 0
7 0
8 0
26 7 0 0
27 8 0 0
28 9 0 0
29 10 0 0
30 11 0 0
31 12 0 0
32 13 1 0
33 14 1 0
34 15 1 0
0 0
1 0.0940721
2 0.188144
3 0.282216
4 0.376288
5 0.47036
6 0.564433
7 0.658505
8 0
27 8 0 0
28 9 0 0
29 10 0 0
30 11 0 0
31 12 0 0
32 13 1 0
33 14 1 0
34 15 2 0.658505
34 16 0 0
0 0
1 0.2
2 0.4
3 0.6
4 0.8
5 1
6 1.2
7 0.6
8 0
28 9 0 0
29 10 0 0
30 11 0 0
31 12 0 0
32 13 1 0
33 14 1 0
34 15 3 1.2
34 16 0 0
34 17 0 0
0 0
1 0.317999
2 0.635999
3 0.953998
4 1.272
5 1.59
6 1.06
7 0.529999
8 0
29 10 0 0
30 11 0 0
31 12 0 0
32 13 1 0
33 14 1 0
34 15 4 1.59
34 16 0 0
34 17 0 0
34 18 0 0
0 0
1 0.447214
2 0.894427
3 1.34164
4 1.78885
5 1.34164
6 0.894427
7 0.447214
8 0
30 11 0 0
31 12 0 0
32 13 1 0
33 14 1 0
34 15 5 1.78885
34 16 0 0
34 17 0 0
34 18 0 0
34 19 0 0
0 0
1 0.585206
2 1.17041
3 1.75562
4 1.40449
5 1.05337
6 0.702247
7 0.351123
8 0
31 12 0 0
32 13 1 0
33 14 1 0
34 15 6 1.78885
34 16 0 0
34 17 0 0
34 18 0 0
34 19 0 0
34 20 0 0
0 0
1 0.727607
2 1.45521
3 1.21268
4 0.970143
5 0.727607
6 0.485071
7 0.242536
8 0
32 13 1 0
33 14 1 0
34 15 7 1.78885
34 16 0 0
34 17 0 0
34 18 0 0
34 19 0 0
34 20 0 0
34 21 0 0
0 0
1 0.868243
2 0.744208
3 0.620174
4 0.496139
5 0.372104
6 0.248069
7 0.124035
8 0
33 14 1 0
34 15 8 1.78885
34 16 0 0
34 17 0 0
34 18 0 0
34 19 0 0
34 20 0 0
34 21 0 0
34 22 0 0
0 0
1 0
2 0
3 0
4 0
5 0
6 0
7 0
8 0
34 15 8 1.78885
34 16 0 0
34 17 0 0
34 18 0 0
34 19 0 0
34 20 0 0
34 21 0 0
34 22 0 0
34 23 1 0
0 0
1 0
2 0
3 0
4 0
5 0
6 0
7 0
8 0
34 16 0 0
34 17 0 0
34 18 0 0
34 19 0 0
34 20 0 0
34 21 0 0
34 22 0 0
34 23 1 0
34 24 1 0
0 0
1 0.124035
2 0.248069
3 0.372104
4 0.496139
5 0.620174
6 0.744208
7 0.868243
8 0
34 17 0 0
34 18 0 0
34 19 0 0
34 20 0 0
34 21 0 0
34 22 0 0
34 23 1 0
34 24 2 0.868243
33 25 0 0
0 0
1 0.242536
2 0.485071
3 0.727607
4 0.970143
5 1.21268
6 1.45521
7 0.727607
8 0
34 18 0 0
34 19 0 0
34 20 0 0
34 21 0 0
34 22 0 0
34 23 1 0
34 24 3 1.45521
33 25 0 0
32 26 0 0
0 0
1 0.351123
2 0.702247
3 1.05337
4 1.40449
5 1.75562
6 1.17041
7 0.585206
8 0
34 19 0 0
34 20 0 0
34 21 0 0
34 22 0 0
34 23 1 0
34 24 4 1.75562
33 25 0 0
32 26 0 0
31 27 0 0
0 0
1 0.447214
2 0.894427
3 1.34164
4 1.78885
5 1.34164
6 0.894427
7 0.447214
8 0
34 20 0 0
34 21 0 0
34 22 0 0
34 23 1 0
34 24 5 1.78885
33 25 0 0
32 26 0 0
31 27 0 0
30 28 0 0
0 0
1 0.529999
2 1.06
3 1.59
4 1.272
5 0.953998
6 0.635999
7 0.317999
8 0
34 21 0 0
34 22 0 0
34 23 1 0
34 24 6 1.78885
33 25 0 0
32 26 0 0
31 27 0 0
30 28 0 0
29 29 0 0
0 0
1 0.6
2 1.2
3 1
4 0.8
5 0.6
6 0.4
7 0.2
8 0
34 22 0 0
34 23 1 0
34 24 7 1.78885
33 25 0 0
32 26 0 0
31 27 0 0
30 28 0 0
29 29 0 0
28 30 0 0
0 0
1 0.658505
2 0.564433
3 0.47036
4 0.376288
5 0.282216
6 0.188144
7 0.0940721
8 0
34 23 1 0
34 24 8 1.78885
33 25 0 0
32 26 0 0
31 27 0 0
30 28 0 0
29 29 0 0
28 30 0 0
27 31 0 0
0 0
1 0
2 0
3 0
4 0
5 0
6 0
7 0
8 0
34 24 8 1.78885
33 25 0 0
32 26 0 0
31 27 0 0
30 28 0 0
29 29 0 0
28 30 0 0
27 31 0 0
26 32 1 0
0 0
1 0
2 0
3 0
4 0
5 0
6 0
7 0
8 0
33 25 0 0
32 26 0 0
31 27 0 0
30 28 0 0
29 29 0 0
28 30 0 0
27 31 0 0
26 32 1 0
25 33 1 0
0 0
1 0
2 0
3 0
4 0
5 0
6 0
7 0
8 0
32 26 0 0
31 27 0 0
30 28 0 0
29 29 0 0
28 30 0 0
27 31 0 0
26 32 1 0
25 33 1 0
24 34 1 0
0 0
1 0.0940721
2 0.188144
3 0.282216
4 0.376288
5 0.47036
6 0.564433
7 0.658505
8 0
31 27 0 0
30 28 0 0
29 29 0 0
28 30 0 0
27 31 0 0
26 32 1 0
25 33 1 0
24 34 2 0.658505
23 34 0 0
0 0
1 0.2
2 0.4
3 0.6
4 0.8
5 1
6 1.2
7 0.6
8 0
30 28 0 0
29 29 0 0
28 30 0 0
27 31 0 0
26 32 1 0
25 33 1 0
24 34 3 1.2
23 34 0 0
22 34 0 0
0 0
1 0.317999
2 0.635999
3 0.953998
4 1.272
5 1.59
6 1.06
7 0.529999
8 0
29 29 0 0
28 30 0 0
27 31 0 0
26 32 1 0
25 33 1 0
24 34 4 1.59
23 34 0 0
22 34 0 0
21 34 0 0
0 0
1 0.447214
2 0.894427
3 1.34164
4 1.78885
5 1.34164
6 0.894427
7 0.447214
8 0
28 30 0 0
27 31 0 0
26 32 1 0
25 33 1 0
24 34 5 1.78885
23 34 0 0
22 34 0 0
21 34 0 0
20 34 0 0
0 0
1 0.585206
2 1.17041
3 1.75562
4 1.40449
5 1.05337
6 0.702247
7 0.351123
8 0
27 31 0 0
26 32 1 0
25 33 1 0
24 34 6 1.78885
23 34 0 0
22 34 0 0
21 34 0 0
20 34 0 0
19 34 0 0
0 0
1 0.727607
2 1.45521
3 1.21268
4 0.970143
5 0.727607
6 0.485071
7 0.242536
8 0
26 32 1 0
25 33 1 0
24 34 7 1.78885
23 34 0 0
22 34 0 0
21 34 0 0
20 34 0 0
19 34 0 0
18 34 0 0
0 0
1 0.868243
2 0.744208
3 0.620174
4 0.496139
5 0.372104
6 0.248069
7 0.124035
8 0
25 33 1 0
24 34 8 1.78885
23 34 0 0
22 34 0 0
21 34 0 0
20 34 0 0
19 34 0 0
18 34 0 0
17 34 0 0
0 0
1 0
2 0
3 0
4 0
5 0
6 0
7 0
8 0
24 34 8 1.78885
23 34 0 0
22 34 0 0
21 34 0 0
20 34 0 0
19 34 0 0
18 34 0 0
17 34 0 0
16 34 1 0
0 0
1 0
2 0
3 0
4 0
5 0
6 0
7 0
8 0
23 34 0 0
22 34 0 0
21 34 0 0
20 34 0 0
19 34 0 0
18 34 0 0
17 34 0 0
16 34 1 0
15 34 1 0
0 0
1 0.124035
2 0.248069
3 0.372104
4 0.496139
5 0.620174
6 0.744208
7 0.868243
8 0
22 34 0 0
21 34 0 0
20 34 0 0
19 34 0 0
18 34 0 0
17 34 0 0
16 34 1 0
15 34 2 0.868243
14 33 0 0
0 0
1 0.242536
2 0.485071
3 0.727607
4 0.970143
5 1.21268
6 1.45521
7 0.727607
8 0
21 34 0 0
20 34 0 0
19 34 0 0
18 34 0 0
17 34 0 0
16 34 1 0
15 34 3 1.45521
14 33 0 0
13 32 0 0
0 0
1 0.351123
2 0.702247
3 1.05337
4 1.40449
5 1.75562
6 1.17041
7 0.585206
8 0
20 34 0 0
19 34 0 0
18 34 0 0
17 34 0 0
16 34 1 0
15 34 4 1.75562
14 33 0 0
13 32 0 0
12 31 0 0
0 0
1 0.447214
2 0.894427
3 1.34164
4 1.78885
5 1.34164
6 0.894427
7 0.447214
8 0
19 34 0 0
18 34 0 0
17 34 0 0
16 34 1 0
15 34 5 1.78885
14 33 0 0
13 32 0 0
12 31 0 0
11 30 0 0
0 0
1 0.529999
2 1.06
3 1.59
4 1.272
5 0.953998
6 0.635999
7 0.317999
8 0
18 34 0 0
17 34 0 0
16 34 1 0
15 34 6 1.78885
14 33 0 0
13 32 0 0
12 31 0 0
11 30 0 0
10 29 0 0
0 0
1 0.6
2 1.2
3 1
4 0.8
5 0.6
6 0.4
7 0.2
8 0
17 34 0 0
16 34 1 0
15 34 7 1.78885
14 33 0 0
13 32 0 0
12 31 0 0
11 30 0 0
10 29 0 0
9 28 0 0
0 0
1 0.658505
2 0.564433
3 0.47036
4 0.376288
5 0.282216
6 0.188144
7 0.0940721
8 0
16 34 1 0
15 34 8 1.78885
14 33 0 0
13 32 0 0
12 31 0 0
11 30 0 0
10 29 0 0
9 28 0 0
8 27 0 0
0 0
1 0
2 0
3 0
4 0
5 0
6 0
7 0
8 0
15 34 8 1.78885
14 33 0 0
13 32 0 0
12 31 0 0
11 30 0 0
10 29 0 0
9 28 0 0
8 27 0 0
7 26 1 0
0 0
1 0
2 0
3 0
4 0
5 0
6 0
7 0
8 0
14 33 0 0
13 32 0 0
12 31 0 0
11 30 0 0
10 29 0 0
9 28 0 0
8 27 0 0
7 26 1 0
6 25 1 0
0 0
1 0
2 0
3 0
4 0
5 0
6 0
7 0
8 0
13 32 0 0
12 31 0 0
11 30 0 0
10 29 0 0
9 28 0 0
8 27 0 0
7 26 1 0
6 25 1 0
5 24 1 0
0 0
1 0.0940721
2 0.188144
3 0.282216
4 0.376288
5 0.47036
6 0.564433
7 0.658505
8 0
12 31 0 0
11 30 0 0
10 29 0 0
9 28 0 0
8 27 0 0
7 26 1 0
6 25 1 0
5 24 2 0.658505
5 23 0 0
0 0
1 0.2
2 0.4
3 0.6
4 0.8
5 1
6 1.2
7 0.6
8 0
11 30 0 0
10 29 0 0
9 28 0 0
8 27 0 0
7 26 1 0
6 25 1 0
5 24 3 1.2
5 23 0 0
5 22 0 0
0 0
1 0.317999
2 0.635999
3 0.953998
4 1.272
5 1.59
6 1.06
7 0.529999
8 0
10 29 0 0
9 28 0 0
8 27 0 0
7 26 1 0
6 25 1 0
5 24 4 1.59
5 23 0 0
5 22 0 0
5 21 0 0
0 0
1 0.447214
2 0.894427
3 1.34164
4 1.78885
5 1.34164
6 0.894427
7 0.447214
8 0
9 28 0 0
8 27 0 0
7 26 1 0
6 25 1 0
5 24 5 1.78885
5 23 0 0
5 22 0 0
5 21 0 0
5 20 0 0
0 0
1 0.585206
2 1.17041
3 1.75562
4 1.40449
5 1.05337
6 0.702247
7 0.351123
8 0
8 27 0 0
7 26 1 0
6 25 1 0
5 24 6 1.78885
5 23 0 0
5 22 0 0
5 21 0 0
5 20 0 0
5 19 0 0
0 0
1 0.727607
2 1.45521
3 1.21268
4 0.970143
5 0.727607
6 0.485071
7 0.242536
8 0
7 26 1 0
6 25 1 0
5 24 7 1.78885
5 23 0 0
5 22 0 0
5 21 0 0
5 20 0 0
5 19 0 0
5 18 0 0
0 0
1 0.868243
2 0.744208
3 0.620174
4 0.496139
5 0.372104
6 0.248069
7 0.124035
8 0
6 25 1 0
5 24 8 1.78885
5 23 0 0
5 22 0 0
5 21 0 0
5 20 0 0
5 19 0 0
5 18 0 0
5 17 0 0
0 0
1 0
2 0
3 0
4 0
5 0
6 0
7 0
8 0
5 24 8 1.78885
5 23 0 0
5 22 0 0
5 21 0 0
5 20 0 0
5 19 0 0
5 18 0 0
5 17 0 0
5 16 1 0
0 0
1 0
2 0
3 0
4 0
5 0
6 0
7 0
8 0
0 0
1 0.124035
2 0.248069
3 0.372104
4 0.496139
5 0.620174
6 0.744208
7 0.868243
8 0
0 0
1 0.242536
2 0.485071
3 0.727607
4 0.970143
5 1.21268
6 1.45521
7 0.727607
8 0
0 0
1 0.351123
2 0.702247
3 1.05337
4 1.40449
5 1.75562
6 1.17041
7 0.585206
8 0
(5, 15, 4, 1.75562) (6, 14, 0, 0) (7, 13, 0, 0) (8, 12, 0, 0) (9, 11, 0, 0) 
(10, 10, 0, 0) (11, 9, 0, 0) (12, 8, 0, 0) (13, 7, 1, 0) (14, 6, 1, 0) 
(15, 5, 8, 1.78885) (16, 5, 0, 0) (17, 5, 0, 0) (18, 5, 0, 0) (19, 5, 0, 0) 
(20, 5, 0, 0) (21, 5, 0, 0) (22, 5, 0, 0) (23, 5, 1, 0) (24, 5, 8, 1.78885) 
(25, 6, 0, 0) (26, 7, 0, 0) (27, 8, 0, 0) (28, 9, 0, 0) (29, 10, 0, 0) 
(30, 11, 0, 0) (31, 12, 0, 0) (32, 13, 1, 0) (33, 14, 1, 0) (34, 15, 8, 1.78885) 
(34, 16, 0, 0) (34, 17, 0, 0) (34, 18, 0, 0) (34, 19, 0, 0) (34, 20, 0, 0) 
(34, 21, 0, 0) (34, 22, 0, 0) (34, 23, 1, 0) (34, 24, 8, 1.78885) (33, 25, 0, 0) 
(32, 26, 0, 0) (31, 27, 0, 0) (30, 28, 0, 0) (29, 29, 0, 0) (28, 30, 0, 0) 
(27, 31, 0, 0) (26, 32, 1, 0) (25, 33, 1, 0) (24, 34, 8, 1.78885) (23, 34, 0, 0) 
(22, 34, 0, 0) (21, 34, 0, 0) (20, 34, 0, 0) (19, 34, 0, 0) (18, 34, 0, 0) 
(17, 34, 0, 0) (16, 34, 1, 0) (15, 34, 8, 1.78885) (14, 33, 0, 0) (13, 32, 0, 0) 
(12, 31, 0, 0) (11, 30, 0, 0) (10, 29, 0, 0) (9, 28, 0, 0) (8, 27, 0, 0) 
(7, 26, 1, 0) (6, 25, 1, 0) (5, 24, 8, 1.78885) (5, 23, 0, 0) (5, 22, 0, 0) 
(5, 21, 0, 0) (5, 20, 0, 0) (5, 19, 0, 0) (5, 18, 0, 0) (5, 17, 0, 0) 
(5, 16, 1, 0) 